Temperature (K)	Pressure (MPa)	Density (kg/m3)	Volume (m3/kg)	Internal Energy (kJ/kg)	Enthalpy (kJ/kg)	Entropy (J/g*K)	Cv (J/g*K)	Cp (J/g*K)	Sound Spd. (m/s)	Joule-Thomson (K/MPa)	Viscosity (uPa*s)	Therm. Cond. (W/m*K)	Phase
13.9570000	41.0700000	94.3210490	0.0106020874	-52.7942535	382.633474	-5.59019988	5.33186512	5.76932255	2057.66749	-1.76507568	117.558996	0.123311833	liquid
24.2514800	41.0700000	91.1223000	0.0109742621	-3.89544134	446.817501	-2.17690927	5.78088826	6.98707060	1968.41535	-1.42061893	41.5274494	0.169528357	liquid
24.8948850	41.0700000	90.8895221	0.0110023683	-0.516744391	451.350523	-1.99243513	5.83343464	7.10392709	1965.04959	-1.39408978	39.8089099	0.171618705	liquid
25.5382900	41.0700000	90.6531215	0.0110310597	2.91357771	455.959202	-1.80966787	5.88646741	7.22216421	1961.72192	-1.36810708	38.2231147	0.173615983	liquid
26.1816950	41.0700000	90.4132137	0.0110603302	6.39650952	460.644272	-1.62849407	5.93967611	7.34131370	1958.41519	-1.34275040	36.7561898	0.175521238	liquid
26.8251000	41.0700000	90.1699186	0.0110901730	9.93277484	465.406181	-1.44881945	5.99278143	7.46094957	1955.11569	-1.31807915	35.3960732	0.177335667	liquid
27.4685050	41.0700000	89.9233593	0.0111205810	13.5228569	470.245118	-1.27056601	6.04553567	7.58068839	1951.81260	-1.29413515	34.1322324	0.179060601	liquid
28.1119100	41.0700000	89.6736606	0.0111515465	17.1670191	475.161036	-1.09366957	6.09772213	7.70018836	1948.49752	-1.27094528	32.9554335	0.180697491	liquid
28.7553150	41.0700000	89.4209479	0.0111830619	20.8653271	480.153681	-0.918077594	6.14915372	7.81914747	1945.16410	-1.24852392	31.8575498	0.182247895	liquid
29.3987200	41.0700000	89.1653463	0.0112151193	24.6176685	485.222620	-0.743747293	6.19967116	7.93730114	1941.80766	-1.22687521	30.8314036	0.183713466	liquid
30.0421250	41.0700000	88.9069799	0.0112477108	28.4237740	490.367257	-0.570644012	6.24914082	8.05441958	1938.42487	-1.20599502	29.8706340	0.185095937	liquid
30.6855300	41.0700000	88.6459711	0.0112808285	32.2832351	495.586863	-0.398739828	6.29745249	8.17030495	1935.01354	-1.18587268	28.9695857	0.186397114	liquid
31.3289350	41.0700000	88.3824405	0.0113144647	36.1955228	500.880587	-0.228012354	6.34451713	8.28478848	1931.57238	-1.16649247	28.1232161	0.187618865	liquid
31.9723400	41.0700000	88.1165060	0.0113486116	40.1600028	506.247480	-0.0584437285	6.39026462	8.39772773	1928.10082	-1.14783486	27.3270155	0.188763106	liquid
32.6157450	41.0700000	87.8482833	0.0113832617	44.1759511	511.686510	0.109980242	6.43464171	8.50900395	1924.59886	-1.12987751	26.5769403	0.189831797	liquid
33.2591500	41.0700000	87.5778849	0.0114184078	48.2425671	517.196574	0.277270811	6.47761002	8.61851949	1921.06698	-1.11259618	25.8693552	0.190826931	supercritical
33.9025550	41.0700000	87.3054206	0.0114540425	52.3589857	522.776512	0.443436894	6.51914424	8.72619557	1917.50599	-1.09596534	25.2009842	0.191750528	supercritical
34.5459600	41.0700000	87.0309971	0.0114901591	56.5242887	528.425121	0.608485585	6.55923045	8.83197012	1913.91697	-1.07995879	24.5688681	0.192604627	supercritical
35.1893650	41.0700000	86.7547181	0.0115267506	60.7375142	534.141162	0.772422577	6.59786463	8.93579577	1910.30122	-1.06455006	23.9703279	0.193391278	supercritical
35.8327700	41.0700000	86.4766844	0.0115638106	64.9976657	539.923367	0.935252515	6.63505132	9.03763816	1906.66018	-1.04971277	23.4029334	0.194112541	supercritical
36.4761750	41.0700000	86.1969934	0.0116013327	69.3037197	545.770455	1.09697929	6.67080239	9.13747430	1902.99539	-1.03542090	22.8644750	0.194770475	supercritical
37.1195800	41.0700000	85.9157399	0.0116393108	73.6546327	551.681128	1.25760627	6.70513596	9.23529114	1899.30847	-1.02164897	22.3529403	0.195367136	supercritical
37.7629850	41.0700000	85.6330156	0.0116777389	78.0493473	557.654085	1.41713650	6.73807549	9.33108429	1895.60107	-1.00837220	21.8664931	0.195904574	supercritical
38.4063900	41.0700000	85.3489092	0.0117166114	82.4867978	563.688027	1.57557288	6.76964889	9.42485690	1891.87485	-0.995566625	21.4034545	0.196384824	supercritical
39.0497950	41.0700000	85.0635069	0.0117559226	86.9659147	569.781654	1.73291825	6.79988778	9.51661859	1888.13149	-0.983209161	20.9622874	0.196809908	supercritical
39.6932000	41.0700000	84.7768920	0.0117956672	91.4856288	575.933679	1.88917552	6.82882688	9.60638457	1884.37264	-0.971277649	20.5415815	0.197181830	supercritical
40.3366050	41.0700000	84.4891451	0.0118358400	96.0448751	582.142822	2.04434775	6.85650339	9.69417485	1880.59993	-0.959750883	20.1400414	0.197502569	supercritical
40.9800100	41.0700000	84.2003445	0.0118764360	100.642596	588.407821	2.19843820	6.88295654	9.78001350	1876.81494	-0.948608618	19.7564753	0.197774082	supercritical
41.6234150	41.0700000	83.9105658	0.0119174503	105.277744	594.727429	2.35145038	6.90822709	9.86392803	1873.01923	-0.937831565	19.3897846	0.197998300	supercritical
42.2668200	41.0700000	83.6198824	0.0119588783	109.949283	601.100416	2.50338809	6.93235700	9.94594886	1869.21431	-0.927401378	19.0389559	0.198177125	supercritical
42.9102250	41.0700000	83.3283653	0.0120007154	114.656193	607.525576	2.65425543	6.95538909	10.0261088	1865.40162	-0.917300632	18.7030525	0.198312426	supercritical
43.5536300	41.0700000	83.0360835	0.0120429572	119.397469	614.001722	2.80405681	6.97736673	10.1044425	1861.58259	-0.907512796	18.3812079	0.198406042	supercritical
44.1970350	41.0700000	82.7431036	0.0120855994	124.172124	620.527690	2.95279700	6.99833359	10.1809865	1857.75855	-0.898022206	18.0726191	0.198459778	supercritical
44.8404400	41.0700000	82.4494904	0.0121286377	128.979190	627.102341	3.10048105	7.01833348	10.2557782	1853.93083	-0.888814029	17.7765414	0.198475405	supercritical
45.4838450	41.0700000	82.1553068	0.0121720682	133.817718	633.724560	3.24711438	7.03741005	10.3288563	1850.10066	-0.879874229	17.4922829	0.198454657	supercritical
46.1272500	41.0700000	81.8606136	0.0122158869	138.686781	640.393258	3.39270271	7.05560675	10.4002598	1846.26925	-0.871189534	17.2192007	0.198399230	supercritical
46.7706550	41.0700000	81.5654701	0.0122600899	143.585474	647.107368	3.53725207	7.07296660	10.4700286	1842.43777	-0.862747402	16.9566959	0.198310785	supercritical
47.4140600	41.0700000	81.2699337	0.0123046735	148.512912	653.865853	3.68076877	7.08953210	10.5382025	1838.60730	-0.854535982	16.7042106	0.198190944	supercritical
48.0574650	41.0700000	80.9740602	0.0123496339	153.468234	660.667699	3.82325944	7.10534513	10.6048215	1834.77893	-0.846544086	16.4612243	0.198041289	supercritical
48.7008700	41.0700000	80.6779037	0.0123949676	158.450600	667.511918	3.96473095	7.12044687	10.6699256	1830.95366	-0.838761151	16.2272511	0.197863365	supercritical
49.3442750	41.0700000	80.3815170	0.0124406709	163.459195	674.397550	4.10519044	7.13487769	10.7335546	1827.13248	-0.831177210	16.0018365	0.197658676	supercritical
49.9876800	41.0700000	80.0849513	0.0124867404	168.493226	681.323656	4.24464526	7.14867710	10.7957478	1823.31632	-0.823782859	15.7845555	0.197190066	supercritical
50.6310850	41.0700000	79.7882565	0.0125331727	173.551922	688.289326	4.38310300	7.16188373	10.8565443	1819.50609	-0.816569229	15.5750098	0.196929456	supercritical
51.2744900	41.0700000	79.4914809	0.0125799644	178.634537	695.293674	4.52057146	7.17453522	10.9159826	1815.70265	-0.809527958	15.3728264	0.196646327	supercritical
51.9178950	41.0700000	79.1946719	0.0126271121	183.740344	702.335839	4.65705859	7.18666825	10.9741005	1811.90685	-0.802651161	15.1776550	0.196342027	supercritical
52.5613000	41.0700000	78.8978753	0.0126746125	188.868644	709.414981	4.79257256	7.19831845	11.0309355	1808.11949	-0.795931408	14.9891667	0.196017867	supercritical
53.2047050	41.0700000	78.6011358	0.0127224625	194.018756	716.530289	4.92712164	7.20952041	11.0865241	1804.34134	-0.789361699	14.8070525	0.195675117	supercritical
53.8481100	41.0700000	78.3044970	0.0127706586	199.190022	723.680972	5.06071427	7.22030767	11.1409021	1800.57316	-0.782935437	14.6310216	0.195315010	supercritical
54.4915150	41.0700000	78.0080013	0.0128191978	204.381807	730.866261	5.19335900	7.23071268	11.1941046	1796.81568	-0.776646409	14.4608005	0.194938739	supercritical
55.1349200	41.0700000	77.7116900	0.0128680769	209.593496	738.085413	5.32506449	7.24076679	11.2461659	1793.06960	-0.770488767	14.2961312	0.194547460	supercritical
55.7783250	41.0700000	77.4156035	0.0129172926	214.824497	745.337703	5.45583948	7.25050028	11.2971195	1789.33561	-0.764457001	14.1367706	0.194142289	supercritical
56.4217300	41.0700000	77.1197810	0.0129668418	220.074236	752.622429	5.58569280	7.25994230	11.3469979	1785.61437	-0.758545929	13.9824894	0.193724308	supercritical
57.0651350	41.0700000	76.8242608	0.0130167214	225.342161	759.938909	5.71463335	7.26912095	11.3958329	1781.90654	-0.752750673	13.8330710	0.193294559	supercritical
57.7085400	41.0700000	76.5290801	0.0130669283	230.627739	767.286483	5.84267007	7.27806320	11.4436554	1778.21274	-0.747066642	13.6883107	0.192854049	supercritical
58.3519450	41.0700000	76.2342755	0.0131174592	235.930458	774.664509	5.96981193	7.28679496	11.4904954	1774.53360	-0.741489521	13.5480150	0.192403750	supercritical
58.9953500	41.0700000	75.9398823	0.0131683112	241.249823	782.072363	6.09606796	7.29534106	11.5363821	1770.86972	-0.736015250	13.4120008	0.191944598	supercritical
59.6387550	41.0700000	75.6459350	0.0132194810	246.585358	789.509442	6.22144718	7.30372526	11.5813438	1767.22169	-0.730640012	13.2800947	0.191477493	supercritical
60.2821600	41.0700000	75.3524676	0.0132709655	251.936605	796.975159	6.34595863	7.31197028	11.6254078	1763.59009	-0.725360221	13.1521326	0.191003304	supercritical
60.9255650	41.0700000	75.0595127	0.0133227617	257.303124	804.468946	6.46961136	7.32009780	11.6686009	1759.97549	-0.720172505	13.0279586	0.190522864	supercritical
61.5689700	41.0700000	74.7671025	0.0133748663	262.684492	811.990251	6.59241438	7.32812847	11.7109487	1756.37846	-0.715073697	12.9074251	0.190036974	supercritical
62.2123750	41.0700000	74.4752682	0.0134272762	268.080301	819.538536	6.71437671	7.33608197	11.7524762	1752.79954	-0.710060821	12.7903919	0.189546405	supercritical
62.8557800	41.0700000	74.1840403	0.0134799884	273.490162	827.113284	6.83550733	7.34397696	11.7932075	1749.23927	-0.705131083	12.6767258	0.189051893	supercritical
63.4991850	41.0700000	73.8934484	0.0135329995	278.913698	834.713988	6.95581520	7.35183117	11.8331658	1745.69818	-0.700281858	12.5663002	0.188554146	supercritical
64.1425900	41.0700000	73.6035213	0.0135863065	284.350551	842.340159	7.07530922	7.35966136	11.8723739	1742.17681	-0.695510683	12.4589949	0.188053842	supercritical
64.7859950	41.0700000	73.3142874	0.0136399062	289.800375	849.991321	7.19399826	7.36748338	11.9108533	1738.67566	-0.690815244	12.3546954	0.187551628	supercritical
65.4294000	41.0700000	73.0257739	0.0136937953	295.262839	857.667012	7.31189113	7.37531218	11.9486253	1735.19524	-0.686193369	12.2532926	0.187048123	supercritical
66.0728050	41.0700000	72.7380076	0.0137479707	300.737626	865.366784	7.42899661	7.38316184	11.9857101	1731.73606	-0.681643019	12.1546828	0.186543919	supercritical
66.7162100	41.0700000	72.4510144	0.0138024293	306.224431	873.090201	7.54532337	7.39104559	12.0221272	1728.29861	-0.677162280	12.0587671	0.186039581	supercritical
67.3596150	41.0700000	72.1648196	0.0138571676	311.722965	880.836839	7.66088005	7.39897581	12.0578958	1724.88337	-0.672749355	11.9654511	0.185535647	supercritical
68.0030200	41.0700000	71.8794477	0.0139121826	317.232948	888.606286	7.77567522	7.40696409	12.0930340	1721.49083	-0.668402557	11.8746450	0.185032627	supercritical
68.6464250	41.0700000	71.5949227	0.0139674709	322.754114	896.398144	7.88971737	7.41502123	12.1275595	1718.12144	-0.664120300	11.7862629	0.184531011	supercritical
69.2898300	41.0700000	71.3112677	0.0140230293	328.286208	904.212023	8.00301491	7.42315729	12.1614892	1714.77568	-0.659901096	11.7002227	0.184031260	supercritical
69.9332350	41.0700000	71.0285052	0.0140788546	333.828986	912.047546	8.11557617	7.43138158	12.1948398	1711.45399	-0.655743547	11.6164463	0.183533815	supercritical
70.5766400	41.0700000	70.7466571	0.0141349435	339.382216	919.904344	8.22740940	7.43970270	12.2276268	1708.15682	-0.651646336	11.5348587	0.183039090	supercritical
71.2200450	41.0700000	70.4657446	0.0141912926	344.945674	927.782061	8.33852279	7.44812859	12.2598658	1704.88461	-0.647608227	11.4553883	0.182547480	supercritical
71.8634500	41.0700000	70.1857882	0.0142478987	350.519149	935.680348	8.44892441	7.45666650	12.2915714	1701.63777	-0.643628055	11.3779667	0.182059359	supercritical
72.5068550	41.0700000	69.9068078	0.0143047584	356.102437	943.598867	8.55862226	7.46532305	12.3227578	1698.41674	-0.639704724	11.3025283	0.181575077	supercritical
73.1502600	41.0700000	69.6288227	0.0143618686	361.695345	951.537287	8.66762426	7.47410428	12.3534389	1695.22191	-0.635837200	11.2290104	0.181094966	supercritical
73.7936650	41.0700000	69.3518514	0.0144192257	367.297689	959.495290	8.77593821	7.48301559	12.3836277	1692.05368	-0.632024509	11.1573529	0.180619338	supercritical
74.4370700	41.0700000	69.0759120	0.0144768266	372.909293	967.472561	8.88357186	7.49206187	12.4133373	1688.91245	-0.628265728	11.0874981	0.180148486	supercritical
75.0804750	41.0700000	68.8010219	0.0145346678	378.529988	975.468796	8.99053284	7.50124742	12.4425798	1685.79857	-0.624559988	11.0193907	0.179682686	supercritical
75.7238800	41.0700000	68.5271977	0.0145927461	384.159615	983.483699	9.09682869	7.51057606	12.4713673	1682.71243	-0.620906464	10.9529778	0.179222193	supercritical
76.3672850	41.0700000	68.2544557	0.0146510582	389.798022	991.516981	9.20246687	7.52005108	12.4997112	1679.65437	-0.617304374	10.8882085	0.178767250	supercritical
77.0106900	41.0700000	67.9828114	0.0147096006	395.445065	999.568360	9.30745474	7.52967533	12.5276228	1676.62473	-0.613752976	10.8250340	0.178318079	supercritical
77.6540950	41.0700000	67.7122797	0.0147683700	401.100605	1007.63756	9.41179957	7.53945118	12.5551126	1673.62385	-0.610251564	10.7634074	0.177874890	supercritical
78.2975000	41.0700000	67.4428750	0.0148273632	406.764511	1015.72432	9.51550853	7.54938058	12.5821912	1670.65204	-0.606799465	10.7032837	0.177437875	supercritical
78.9409050	41.0700000	67.1746110	0.0148865767	412.436659	1023.82836	9.61858871	7.55946508	12.6088686	1667.70960	-0.603396038	10.6446195	0.177007212	supercritical
79.5843100	41.0700000	66.9075011	0.0149460073	418.116930	1031.94945	9.72104710	7.56970582	12.6351545	1664.79683	-0.600040668	10.5873732	0.176583067	supercritical
80.2277150	41.0700000	66.6415577	0.0150056516	423.805213	1040.08733	9.82289060	7.58010358	12.6610583	1661.91401	-0.596732767	10.5315047	0.176165591	supercritical
80.8711200	41.0700000	66.3767930	0.0150655064	429.501399	1048.24175	9.92412602	7.59065878	12.6865890	1659.06139	-0.593471771	10.4769756	0.175754921	supercritical
81.5145250	41.0700000	66.1132185	0.0151255683	435.205388	1056.41248	10.0247601	7.60137154	12.7117555	1656.23924	-0.590257135	10.4237486	0.175351183	supercritical
82.1579300	41.0700000	65.8508451	0.0151858340	440.917083	1064.59928	10.1247994	7.61224162	12.7365662	1653.44779	-0.587088335	10.3717882	0.174954492	supercritical
82.8013350	41.0700000	65.5896832	0.0152463002	446.636394	1072.80194	10.2242505	7.62326852	12.7610294	1650.68726	-0.583964864	10.3210597	0.174564950	supercritical
83.4447400	41.0700000	65.3297427	0.0153069637	452.363233	1081.02023	10.3231198	7.63445144	12.7851532	1647.95787	-0.580886231	10.2715301	0.174182649	supercritical
84.0881450	41.0700000	65.0710331	0.0153678212	458.097519	1089.25394	10.4214137	7.64578932	12.8089451	1645.25982	-0.577851959	10.2231674	0.173807670	supercritical
84.7315500	41.0700000	64.8135630	0.0154288694	463.839174	1097.50284	10.5191386	7.65728087	12.8324127	1642.59327	-0.574861584	10.1759408	0.173440084	supercritical
85.3749550	41.0700000	64.5573408	0.0154901052	469.588124	1105.76674	10.6163004	7.66892455	12.8555632	1639.95842	-0.571914653	10.1298204	0.173079954	supercritical
86.0183600	41.0700000	64.3023744	0.0155515253	475.344299	1114.04544	10.7129054	7.68071862	12.8784037	1637.35540	-0.569010725	10.0847777	0.172727333	supercritical
86.6617650	41.0700000	64.0486710	0.0156131265	481.107634	1122.33874	10.8089596	7.69266113	12.9009409	1634.78436	-0.566149367	10.0407847	0.172382264	supercritical
87.3051700	41.0700000	63.7962375	0.0156749056	486.878066	1130.64644	10.9044689	7.70474995	12.9231815	1632.24544	-0.563330153	9.99781490	0.172044783	supercritical
87.9485750	41.0700000	63.5450803	0.0157368595	492.655535	1138.96835	10.9994392	7.71698277	12.9451319	1629.73873	-0.560552667	9.95584229	0.171714920	supercritical
88.5919800	41.0700000	63.2952051	0.0157989851	498.439986	1147.30430	11.0938761	7.72935712	12.9667982	1627.26434	-0.557816498	9.91484191	0.171392695	supercritical
89.2353850	41.0700000	63.0466175	0.0158612791	504.231366	1155.65410	11.1877855	7.74187039	12.9881865	1624.82236	-0.555121240	9.87478962	0.171078122	supercritical
89.8787900	41.0700000	62.7993225	0.0159237387	510.029625	1164.01757	11.2811728	7.75451983	13.0093027	1622.41287	-0.552466493	9.83566205	0.170771208	supercritical
90.5221950	41.0700000	62.5533244	0.0159863606	515.834715	1172.39454	11.3740437	7.76730258	13.0301524	1620.03590	-0.549851862	9.79743661	0.170471954	supercritical
91.1656000	41.0700000	62.3086275	0.0160491418	521.646591	1180.78485	11.4664036	7.78021563	13.0507412	1617.69153	-0.547276954	9.76009146	0.170180355	supercritical
91.8090050	41.0700000	62.0652353	0.0161120794	527.465212	1189.18831	11.5582578	7.79325591	13.0710743	1615.37977	-0.544741381	9.72360542	0.169896400	supercritical
92.4524100	41.0700000	61.8231512	0.0161751703	533.290537	1197.60478	11.6496116	7.80642023	13.0911569	1613.10065	-0.542244758	9.68795803	0.169620072	supercritical
93.0958150	41.0700000	61.5823779	0.0162384116	539.122528	1206.03409	11.7404704	7.81970534	13.1109941	1610.85418	-0.539786701	9.65312946	0.169351352	supercritical
93.7392200	41.0700000	61.3429179	0.0163018003	544.961149	1214.47609	11.8308391	7.83310789	13.1305908	1608.64035	-0.537366829	9.61910048	0.169090212	supercritical
94.3826250	41.0700000	61.1047732	0.0163653336	550.806366	1222.93062	11.9207229	7.84662449	13.1499518	1606.45915	-0.534984763	9.58585250	0.168836623	supercritical
95.0260300	41.0700000	60.8679456	0.0164290086	556.658147	1231.39753	12.0101268	7.86025169	13.1690815	1604.31054	-0.532640127	9.55336747	0.168590550	supercritical
95.6694350	41.0700000	60.6324363	0.0164928223	562.516461	1239.87667	12.0990557	7.87398597	13.1879846	1602.19449	-0.530332543	9.52162790	0.168351954	supercritical
96.3128400	41.0700000	60.3982462	0.0165567721	568.381280	1248.36791	12.1875146	7.88782381	13.2066653	1600.11095	-0.528061639	9.49061684	0.168120793	supercritical
96.9562450	41.0700000	60.1653760	0.0166208552	574.252576	1256.87110	12.2755080	7.90176162	13.2251280	1598.05985	-0.525827040	9.46031782	0.167897022	supercritical
97.5996500	41.0700000	59.9338259	0.0166850687	580.130322	1265.38609	12.3630409	7.91579579	13.2433766	1596.04113	-0.523628373	9.43071490	0.167680591	supercritical
98.2430550	41.0700000	59.7035957	0.0167494100	586.014495	1273.91276	12.4501179	7.92992272	13.2614152	1594.05469	-0.521465269	9.40179259	0.167471449	supercritical
98.8864600	41.0700000	59.4746851	0.0168138763	591.905070	1282.45097	12.5367435	7.94413875	13.2792476	1592.10046	-0.519337354	9.37353584	0.167269540	supercritical
99.5298650	41.0700000	59.2470934	0.0168784651	597.802024	1291.00059	12.6229223	7.95844026	13.2968777	1590.17832	-0.517244261	9.34593006	0.167074808	supercritical
100.173270	41.0700000	59.0208196	0.0169431737	603.705337	1299.56148	12.7086588	7.97282358	13.3143090	1588.28816	-0.515185619	9.31896106	0.166887192	supercritical
100.816675	41.0700000	58.7958622	0.0170079996	609.614988	1308.13353	12.7939573	7.98728509	13.3315452	1586.42987	-0.513161060	9.29261508	0.166706631	supercritical
101.460080	41.0700000	58.5722197	0.0170729401	615.530956	1316.71661	12.8788222	8.00182114	13.3485896	1584.60331	-0.511170217	9.26687874	0.166533060	supercritical
102.103485	41.0700000	58.3498902	0.0171379928	621.453223	1325.31059	12.9632578	8.01642811	13.3654457	1582.80835	-0.509212723	9.24173901	0.166366415	supercritical
102.746890	41.0700000	58.1288716	0.0172031552	627.381772	1333.91536	13.0472683	8.03110239	13.3821166	1581.04483	-0.507288211	9.21718327	0.166206626	supercritical
103.390295	41.0700000	57.9091613	0.0172684248	633.316583	1342.53079	13.1308578	8.04584039	13.3986057	1579.31262	-0.505396317	9.19319921	0.166053625	supercritical
104.033700	41.0700000	57.6907569	0.0173337993	639.257641	1351.15678	13.2140305	8.06063856	13.4149159	1577.61154	-0.503536675	9.16977487	0.165907341	supercritical
104.677105	41.0700000	57.4736552	0.0173992762	645.204929	1359.79320	13.2967905	8.07549336	13.4310502	1575.94142	-0.501708923	9.14689863	0.165767702	supercritical
105.320510	41.0700000	57.2578533	0.0174648532	651.158431	1368.43995	13.3791416	8.09040127	13.4470116	1574.30210	-0.499912697	9.12455917	0.165634635	supercritical
105.963915	41.0700000	57.0433476	0.0175305279	657.118131	1377.09691	13.4610879	8.10535883	13.4628029	1572.69339	-0.498147636	9.10274548	0.165508066	supercritical
106.607320	41.0700000	56.8301347	0.0175962982	663.084015	1385.76398	13.5426331	8.12036261	13.4784268	1571.11511	-0.496413379	9.08144682	0.165387920	supercritical
107.250725	41.0700000	56.6182108	0.0176621618	669.056068	1394.44105	13.6237813	8.13540920	13.4938860	1569.56705	-0.494709568	9.06065278	0.165274121	supercritical
107.894130	41.0700000	56.4075717	0.0177281164	675.034274	1403.12802	13.7045360	8.15049524	13.5091832	1568.04902	-0.493035844	9.04035317	0.165166592	supercritical
108.537535	41.0700000	56.1982134	0.0177941600	681.018621	1411.82477	13.7849011	8.16561744	13.5243208	1566.56083	-0.491391850	9.02053811	0.165065256	supercritical
109.180940	41.0700000	55.9901315	0.0178602903	687.009093	1420.53121	13.8648802	8.18077252	13.5393013	1565.10224	-0.489777231	9.00119796	0.164970036	supercritical
109.824345	41.0700000	55.7833213	0.0179265052	693.005677	1429.24725	13.9444770	8.19595725	13.5541272	1563.67307	-0.488191633	8.98232331	0.164880853	supercritical
110.467750	41.0700000	55.5777782	0.0179928027	699.008360	1437.97277	14.0236949	8.21116848	13.5688007	1562.27307	-0.486634703	8.96390501	0.164797629	supercritical
111.111155	41.0700000	55.3734974	0.0180591808	705.017127	1446.70768	14.1025375	8.22640306	13.5833241	1560.90204	-0.485106091	8.94593415	0.164720285	supercritical
111.754560	41.0700000	55.1704736	0.0181256374	711.031965	1455.45189	14.1810084	8.24165795	13.5976996	1559.55975	-0.483605447	8.92840201	0.164648743	supercritical
112.397965	41.0700000	54.9687018	0.0181921706	717.052860	1464.20531	14.2591109	8.25693010	13.6119294	1558.24596	-0.482132424	8.91130011	0.164582923	supercritical
113.041370	41.0700000	54.7681765	0.0182587784	723.079800	1472.96783	14.3368483	8.27221657	13.6260156	1556.96045	-0.480686677	8.89462019	0.164522747	supercritical
113.684775	41.0700000	54.5688924	0.0183254590	729.112769	1481.73937	14.4142241	8.28751444	13.6399602	1555.70297	-0.479267861	8.87835418	0.164468136	supercritical
114.328180	41.0700000	54.3708438	0.0183922104	735.151755	1490.51984	14.4912416	8.30282086	13.6537651	1554.47329	-0.477875636	8.86249420	0.164419010	supercritical
114.971585	41.0700000	54.1740250	0.0184590309	741.196743	1499.30914	14.5679039	8.31813301	13.6674324	1553.27117	-0.476509661	8.84703257	0.164375291	supercritical
115.614990	41.0700000	53.9784301	0.0185259186	747.247721	1508.10720	14.6442142	8.33344817	13.6809639	1552.09636	-0.475169600	8.83196181	0.164336901	supercritical
116.258395	41.0700000	53.7840532	0.0185928717	753.304674	1516.91391	14.7201758	8.34876364	13.6943614	1550.94861	-0.473855116	8.81727459	0.164303762	supercritical
116.901800	41.0700000	53.5908882	0.0186598885	759.367588	1525.72921	14.7957918	8.36407680	13.7076267	1549.82768	-0.472565876	8.80296377	0.164275795	supercritical
117.545205	41.0700000	53.3989290	0.0187269673	765.436449	1534.55300	14.8710651	8.37938506	13.7207616	1548.73331	-0.471301551	8.78902239	0.164252923	supercritical
118.188610	41.0700000	53.2081694	0.0187941065	771.511242	1543.38519	14.9459989	8.39468592	13.7337678	1547.66526	-0.470061810	8.77544363	0.164235069	supercritical
118.832015	41.0700000	53.0186028	0.0188613043	777.591954	1552.22572	15.0205962	8.40997690	13.7466469	1546.62327	-0.468846329	8.76222085	0.164222156	supercritical
119.475420	41.0700000	52.8302231	0.0189285591	783.678568	1561.07449	15.0948598	8.42525562	13.7594006	1545.60708	-0.467654783	8.74934755	0.164214107	supercritical
120.118825	41.0700000	52.6430236	0.0189958694	789.771071	1569.93143	15.1687928	8.44051973	13.7720303	1544.61645	-0.466486852	8.73681740	0.164210848	supercritical
120.762230	41.0700000	52.4569977	0.0190632336	795.869448	1578.79645	15.2423979	8.45576694	13.7845378	1543.65111	-0.465342216	8.72462418	0.164212302	supercritical
121.405635	41.0700000	52.2721389	0.0191306501	801.973682	1587.66948	15.3156781	8.47099501	13.7969244	1542.71081	-0.464220560	8.71276185	0.164218396	supercritical
122.049040	41.0700000	52.0884404	0.0191981175	808.083759	1596.55045	15.3886360	8.48620178	13.8091916	1541.79529	-0.463121571	8.70122448	0.164229054	supercritical
122.692445	41.0700000	51.9058955	0.0192656343	814.199663	1605.43926	15.4612746	8.50138512	13.8213410	1540.90430	-0.462044937	8.69000629	0.164244204	supercritical
123.335850	41.0700000	51.7244973	0.0193331990	820.321377	1614.33586	15.5335965	8.51654297	13.8333737	1540.03757	-0.460990350	8.67910162	0.164263772	supercritical
123.979255	41.0700000	51.5442390	0.0194008103	826.448885	1623.24016	15.6056044	8.53167333	13.8452914	1539.19485	-0.459957506	8.66850495	0.164287686	supercritical
124.622660	41.0700000	51.3651136	0.0194684666	832.582171	1632.15210	15.6773009	8.54677424	13.8570952	1538.37588	-0.458946102	8.65821086	0.164315876	supercritical
125.266065	41.0700000	51.1871142	0.0195361668	838.721218	1641.07159	15.7486887	8.56184381	13.8687865	1537.58040	-0.457955838	8.64821406	0.164348269	supercritical
125.909470	41.0700000	51.0102339	0.0196039093	844.866009	1649.99856	15.8197705	8.57688018	13.8803666	1536.80816	-0.456986417	8.63850939	0.164384795	supercritical
126.552875	41.0700000	50.8344655	0.0196716930	851.016526	1658.93296	15.8905486	8.59188157	13.8918367	1536.05889	-0.456037545	8.62909177	0.164425386	supercritical
127.196280	41.0700000	50.6598021	0.0197395165	857.172752	1667.87470	15.9610257	8.60684624	13.9031981	1535.33235	-0.455108931	8.61995627	0.164469972	supercritical
127.839685	41.0700000	50.4862365	0.0198073786	863.334670	1676.82371	16.0312043	8.62177250	13.9144519	1534.62827	-0.454200285	8.61109804	0.164518486	supercritical
128.483090	41.0700000	50.3137616	0.0198752780	869.502260	1685.77993	16.1010868	8.63665872	13.9255994	1533.94640	-0.453311324	8.60251233	0.164570860	supercritical
129.126495	41.0700000	50.1423703	0.0199432136	875.675505	1694.74329	16.1706756	8.65150330	13.9366416	1533.28649	-0.452441764	8.59419452	0.164627028	supercritical
129.769900	41.0700000	49.9720554	0.0200111841	881.854386	1703.71372	16.2399732	8.66630472	13.9475798	1532.64829	-0.451591325	8.58614005	0.164686924	supercritical
130.413305	41.0700000	49.8028099	0.0200791884	888.038884	1712.69115	16.3089818	8.68106148	13.9584150	1532.03154	-0.450759732	8.57834448	0.164750483	supercritical
131.056710	41.0700000	49.6346264	0.0201472253	894.228980	1721.67552	16.3777040	8.69577215	13.9691483	1531.43599	-0.449946709	8.57080346	0.164817641	supercritical
131.700115	41.0700000	49.4674979	0.0202152937	900.424655	1730.66677	16.4461418	8.71043534	13.9797808	1530.86139	-0.449151986	8.56351274	0.164888334	supercritical
132.343520	41.0700000	49.3014171	0.0202833926	906.625888	1739.66482	16.5142978	8.72504970	13.9903135	1530.30750	-0.448375295	8.55646813	0.164962501	supercritical
132.986925	41.0700000	49.1363769	0.0203515209	912.832659	1748.66962	16.5821740	8.73961393	14.0007474	1529.77407	-0.447616371	8.54966556	0.165040079	supercritical
133.630330	41.0700000	48.9723700	0.0204196775	919.044950	1757.68110	16.6497727	8.75412677	14.0110836	1529.26085	-0.446874952	8.54310102	0.165121008	supercritical
134.273735	41.0700000	48.8093893	0.0204878614	925.262738	1766.69920	16.7170962	8.76858703	14.0213231	1528.76760	-0.446150779	8.53677058	0.165205226	supercritical
134.917140	41.0700000	48.6474275	0.0205560715	931.486004	1775.72386	16.7841466	8.78299354	14.0314667	1528.29407	-0.445443596	8.53067042	0.165292675	supercritical
135.560545	41.0700000	48.4864776	0.0206243070	937.714726	1784.75502	16.8509260	8.79734516	14.0415156	1527.84003	-0.444753149	8.52479677	0.165383297	supercritical
136.203950	41.0700000	48.3265322	0.0206925669	943.948883	1793.79260	16.9174365	8.81164082	14.0514705	1527.40524	-0.444079188	8.51914593	0.165477033	supercritical
136.847355	41.0700000	48.1675844	0.0207608501	950.188453	1802.83657	16.9836803	8.82587948	14.0613324	1526.98945	-0.443421466	8.51371431	0.165573826	supercritical
137.490760	41.0700000	48.0096268	0.0208291559	956.433416	1811.88685	17.0496594	8.84006014	14.0711023	1526.59244	-0.442779738	8.50849835	0.165673621	supercritical
138.134165	41.0700000	47.8526524	0.0208974832	962.683748	1820.94338	17.1153759	8.85418184	14.0807809	1526.21397	-0.442153763	8.50349460	0.165776361	supercritical
138.777570	41.0700000	47.6966541	0.0209658312	968.939429	1830.00612	17.1808318	8.86824365	14.0903693	1525.85381	-0.441543302	8.49869964	0.165881993	supercritical
139.420975	41.0700000	47.5416247	0.0210341991	975.200435	1839.07499	17.2460290	8.88224470	14.0998682	1525.51173	-0.440948120	8.49411014	0.165990463	supercritical
140.064380	41.0700000	47.3875571	0.0211025860	981.466743	1848.14995	17.3109696	8.89618413	14.1092786	1525.18749	-0.440367983	8.48972283	0.166101717	supercritical
140.707785	41.0700000	47.2344444	0.0211709911	987.738332	1857.23093	17.3756555	8.91006113	14.1186011	1524.88088	-0.439802662	8.48553452	0.166215703	supercritical
141.351190	41.0700000	47.0822794	0.0212394135	994.015178	1866.31789	17.4400886	8.92387492	14.1278368	1524.59167	-0.439251930	8.48154205	0.166332370	supercritical
141.994595	41.0700000	46.9310552	0.0213078525	1000.29726	1875.41076	17.5042708	8.93762478	14.1369863	1524.31964	-0.438715562	8.47774234	0.166451667	supercritical
142.638000	41.0700000	46.7807647	0.0213763072	1006.58455	1884.50949	17.5682041	8.95130997	14.1460504	1524.06457	-0.438193337	8.47413237	0.166573544	supercritical
143.281405	41.0700000	46.6314010	0.0214447771	1012.87702	1893.61402	17.6318902	8.96492984	14.1550301	1523.82624	-0.437685036	8.47070918	0.166697953	supercritical
143.924810	41.0700000	46.4829572	0.0215132612	1019.17466	1902.72430	17.6953310	8.97848374	14.1639259	1523.60443	-0.437190444	8.46746986	0.166824844	supercritical
144.568215	41.0700000	46.3354262	0.0215817590	1025.47744	1911.84028	17.7585283	8.99197106	14.1727387	1523.39893	-0.436709347	8.46441156	0.166954170	supercritical
145.211620	41.0700000	46.1888014	0.0216502696	1031.78534	1920.96191	17.8214839	9.00539121	14.1814693	1523.20953	-0.436241536	8.46153147	0.167085884	supercritical
145.855025	41.0700000	46.0430757	0.0217187923	1038.09832	1930.08912	17.8841997	9.01874365	14.1901184	1523.03602	-0.435786802	8.45882685	0.167219941	supercritical
146.498430	41.0700000	45.8982424	0.0217873266	1044.41637	1939.22188	17.9466772	9.03202786	14.1986867	1522.87819	-0.435344942	8.45629500	0.167356294	supercritical
147.141835	41.0700000	45.7542947	0.0218558718	1050.73946	1948.36012	18.0089184	9.04524333	14.2071749	1522.73583	-0.434915752	8.45393329	0.167494899	supercritical
147.785240	41.0700000	45.6112259	0.0219244272	1057.06757	1957.50379	18.0709248	9.05838961	14.2155838	1522.60875	-0.434499035	8.45173911	0.167635712	supercritical
148.428645	41.0700000	45.4690292	0.0219929921	1063.40067	1966.65285	18.1326982	9.07146626	14.2239140	1522.49674	-0.434094592	8.44970993	0.167778689	supercritical
149.072050	41.0700000	45.3276979	0.0220615660	1069.73874	1975.80725	18.1942403	9.08447286	14.2321663	1522.39960	-0.433702230	8.44784323	0.167923789	supercritical
149.715455	41.0700000	45.1872255	0.0221301483	1076.08174	1984.96693	18.2555528	9.09740903	14.2403413	1522.31714	-0.433321759	8.44613657	0.168070969	supercritical
150.358860	41.0700000	45.0476052	0.0221987383	1082.42967	1994.13185	18.3166372	9.11027441	14.2484397	1522.24916	-0.432952987	8.44458754	0.168220188	supercritical
151.002265	41.0700000	44.9088306	0.0222673355	1088.78248	2003.30195	18.3774951	9.12306865	14.2564621	1522.19546	-0.432595731	8.44319378	0.168371407	supercritical
151.645670	41.0700000	44.7708951	0.0223359394	1095.14016	2012.47719	18.4381283	9.13579145	14.2644093	1522.15587	-0.432249806	8.44195295	0.168524583	supercritical
152.289075	41.0700000	44.6337921	0.0224045494	1101.50268	2021.65752	18.4985383	9.14844252	14.2722819	1522.13018	-0.431915030	8.44086278	0.168679680	supercritical
152.932480	41.0700000	44.4975153	0.0224731649	1107.87001	2030.84289	18.5587265	9.16102157	14.2800805	1522.11822	-0.431591226	8.43992104	0.168836658	supercritical
153.575885	41.0700000	44.3620582	0.0225417855	1114.24212	2040.03325	18.6186947	9.17352838	14.2878058	1522.11980	-0.431278218	8.43912552	0.168995480	supercritical
154.219290	41.0700000	44.2274145	0.0226104106	1120.61900	2049.22857	18.6784444	9.18596271	14.2954583	1522.13474	-0.430975831	8.43847407	0.169156108	supercritical
154.862695	41.0700000	44.0935778	0.0226790397	1127.00062	2058.42878	18.7379769	9.19832435	14.3030388	1522.16285	-0.430683895	8.43796456	0.169318505	supercritical
155.506100	41.0700000	43.9605418	0.0227476723	1133.38694	2067.63384	18.7972940	9.21061313	14.3105477	1522.20397	-0.430402241	8.43759491	0.169482637	supercritical
156.149505	41.0700000	43.8283003	0.0228163080	1139.77795	2076.84372	18.8563969	9.22282887	14.3179858	1522.25791	-0.430130702	8.43736308	0.169648467	supercritical
156.792910	41.0700000	43.6968470	0.0228849464	1146.17361	2086.05836	18.9152873	9.23497142	14.3253536	1522.32450	-0.429869115	8.43726705	0.169815962	supercritical
157.436315	41.0700000	43.5661758	0.0229535868	1152.57390	2095.27771	18.9739666	9.24704067	14.3326517	1522.40358	-0.429617319	8.43730486	0.169985086	supercritical
158.079720	41.0700000	43.4362806	0.0230222290	1158.97879	2104.50174	19.0324361	9.25903649	14.3398806	1522.49496	-0.429375153	8.43747455	0.170155807	supercritical
158.723125	41.0700000	43.3071552	0.0230908725	1165.38826	2113.73040	19.0906974	9.27095879	14.3470411	1522.59850	-0.429142462	8.43777423	0.170328091	supercritical
159.366530	41.0700000	43.1787937	0.0231595169	1171.80228	2122.96364	19.1487518	9.28280750	14.3541335	1522.71401	-0.428919090	8.43820202	0.170501907	supercritical
160.009935	41.0700000	43.0511900	0.0232281617	1178.22083	2132.20143	19.2066008	9.29458255	14.3611586	1522.84134	-0.428704885	8.43875608	0.170677223	supercritical
160.653340	41.0700000	42.9243381	0.0232968065	1184.64387	2141.44371	19.2642456	9.30628389	14.3681168	1522.98032	-0.428499696	8.43943460	0.170854007	supercritical
161.296745	41.0700000	42.7982323	0.0233654510	1191.07137	2150.69045	19.3216877	9.31791150	14.3750088	1523.13080	-0.428303377	8.44023580	0.171032229	supercritical
161.940150	41.0700000	42.6728665	0.0234340948	1197.50333	2159.94160	19.3789285	9.32946536	14.3818350	1523.29262	-0.428115781	8.44115794	0.171211858	supercritical
162.583555	41.0700000	42.5482350	0.0235027376	1203.93969	2169.19712	19.4359692	9.34094546	14.3885960	1523.46563	-0.427936765	8.44219930	0.171392866	supercritical
163.226960	41.0700000	42.4243319	0.0235713789	1210.38045	2178.45698	19.4928112	9.35235182	14.3952923	1523.64967	-0.427766187	8.44335819	0.171575224	supercritical
163.870365	41.0700000	42.3011516	0.0236400183	1216.82556	2187.72112	19.5494559	9.36368447	14.4019244	1523.84459	-0.427603907	8.44463295	0.171758903	supercritical
164.513770	41.0700000	42.1786884	0.0237086557	1223.27501	2196.98950	19.6059044	9.37494343	14.4084929	1524.05025	-0.427449790	8.44602195	0.171943874	supercritical
165.157175	41.0700000	42.0569365	0.0237772906	1229.72877	2206.26209	19.6621580	9.38612876	14.4149984	1524.26649	-0.427303698	8.44752358	0.172130112	supercritical
165.800580	41.0700000	41.9358904	0.0238459227	1236.18681	2215.53885	19.7182182	9.39724052	14.4214412	1524.49317	-0.427165500	8.44913627	0.172317588	supercritical
166.443985	41.0700000	41.8155446	0.0239145517	1242.64910	2224.81974	19.7740860	9.40827879	14.4278219	1524.73014	-0.427035064	8.45085847	0.172506276	supercritical
167.087390	41.0700000	41.6958934	0.0239831772	1249.11562	2234.10471	19.8297628	9.41924365	14.4341411	1524.97728	-0.426912261	8.45268864	0.172696151	supercritical
167.730795	41.0700000	41.5769314	0.0240517990	1255.58633	2243.39372	19.8852498	9.43013520	14.4403991	1525.23443	-0.426796963	8.45462530	0.172887187	supercritical
168.374200	41.0700000	41.4586533	0.0241204169	1262.06122	2252.68674	19.9405482	9.44095353	14.4465965	1525.50145	-0.426689046	8.45666697	0.173079359	supercritical
169.017605	41.0700000	41.3410535	0.0241890304	1268.54025	2261.98373	19.9956592	9.45169878	14.4527338	1525.77822	-0.426588387	8.45881219	0.173272643	supercritical
169.661010	41.0700000	41.2241268	0.0242576393	1275.02340	2271.28465	20.0505840	9.46237105	14.4588115	1526.06460	-0.426494862	8.46105954	0.173467014	supercritical
170.304415	41.0700000	41.1078678	0.0243262434	1281.51064	2280.58946	20.1053238	9.47297050	14.4648299	1526.36046	-0.426408354	8.46340762	0.173662449	supercritical
170.947820	41.0700000	40.9922713	0.0243948424	1288.00195	2289.89813	20.1598798	9.48349726	14.4707897	1526.66566	-0.426328745	8.46585504	0.173858925	supercritical
171.591225	41.0700000	40.8773321	0.0244634360	1294.49729	2299.21061	20.2142531	9.49395149	14.4766913	1526.98007	-0.426255918	8.46840045	0.174056419	supercritical
172.234630	41.0700000	40.7630450	0.0245320241	1300.99664	2308.52687	20.2684449	9.50433335	14.4825350	1527.30358	-0.426189759	8.47104252	0.174254909	supercritical
172.878035	41.0700000	40.6494048	0.0246006062	1307.49997	2317.84687	20.3224563	9.51464300	14.4883215	1527.63605	-0.426130156	8.47377992	0.174454373	supercritical
173.521440	41.0700000	40.5364065	0.0246691823	1314.00725	2327.17057	20.3762884	9.52488063	14.4940511	1527.97737	-0.426076998	8.47661137	0.174654789	supercritical
174.164845	41.0700000	40.4240450	0.0247377520	1320.51847	2336.49794	20.4299424	9.53504643	14.4997242	1528.32740	-0.426030177	8.47953559	0.174856137	supercritical
174.808250	41.0700000	40.3123153	0.0248063152	1327.03358	2345.82895	20.4834194	9.54514057	14.5053414	1528.68603	-0.425989585	8.48255133	0.175058396	supercritical
175.451655	41.0700000	40.2012125	0.0248748716	1333.55257	2355.16355	20.5367205	9.55516327	14.5109030	1529.05314	-0.425955117	8.48565736	0.175261545	supercritical
176.095060	41.0700000	40.0907316	0.0249434211	1340.07541	2364.50171	20.5898467	9.56511473	14.5164095	1529.42862	-0.425926668	8.48885247	0.175465565	supercritical
176.738465	41.0700000	39.9808677	0.0250119634	1346.60206	2373.84340	20.6427991	9.57499516	14.5218613	1529.81234	-0.425904138	8.49213546	0.175670436	supercritical
177.381870	41.0700000	39.8716161	0.0250804983	1353.13251	2383.18858	20.6955788	9.58480477	14.5272589	1530.20420	-0.425887424	8.49550517	0.175876140	supercritical
178.025275	41.0700000	39.7629719	0.0251490257	1359.66673	2392.53721	20.7481869	9.59454380	14.5326026	1530.60408	-0.425876429	8.49896043	0.176082657	supercritical
178.668680	41.0700000	39.6549303	0.0252175453	1366.20468	2401.88926	20.8006244	9.60421248	14.5378929	1531.01187	-0.425871054	8.50250011	0.176289969	supercritical
179.312085	41.0700000	39.5474867	0.0252860569	1372.74635	2411.24470	20.8528923	9.61381103	14.5431302	1531.42746	-0.425871203	8.50612309	0.176498058	supercritical
179.955490	41.0700000	39.4406364	0.0253545605	1379.29170	2420.60350	20.9049916	9.62333971	14.5483149	1531.85075	-0.425876784	8.50982826	0.176706907	supercritical
180.598895	41.0700000	39.3343747	0.0254230557	1385.84071	2429.96561	20.9569234	9.63279875	14.5534474	1532.28162	-0.425887701	8.51361455	0.176916498	supercritical
181.242300	41.0700000	39.2286971	0.0254915425	1392.39336	2439.33101	21.0086887	9.64218841	14.5585281	1532.71998	-0.425903865	8.51748088	0.177126814	supercritical
181.885705	41.0700000	39.1235989	0.0255600207	1398.94961	2448.69966	21.0602885	9.65150894	14.5635574	1533.16572	-0.425925184	8.52142621	0.177337839	supercritical
182.529110	41.0700000	39.0190758	0.0256284902	1405.50944	2458.07153	21.1117237	9.66076060	14.5685357	1533.61873	-0.425951571	8.52544949	0.177549556	supercritical
183.172515	41.0700000	38.9151231	0.0256969507	1412.07282	2467.44659	21.1629954	9.66994366	14.5734633	1534.07893	-0.425982939	8.52954972	0.177761949	supercritical
183.815920	41.0700000	38.8117366	0.0257654021	1418.63973	2476.82480	21.2141044	9.67905838	14.5783408	1534.54620	-0.426019201	8.53372588	0.177975003	supercritical
184.459325	41.0700000	38.7089117	0.0258338444	1425.21014	2486.20613	21.2650519	9.68810503	14.5831683	1535.02046	-0.426060274	8.53797699	0.178188702	supercritical
185.102730	41.0700000	38.6066441	0.0259022773	1431.78403	2495.59055	21.3158386	9.69708389	14.5879464	1535.50160	-0.426106074	8.54230208	0.178403031	supercritical
185.746135	41.0700000	38.5049296	0.0259707007	1438.36136	2504.97803	21.3664657	9.70599525	14.5926755	1535.98953	-0.426156519	8.54670018	0.178617976	supercritical
186.389540	41.0700000	38.4037637	0.0260391145	1444.94211	2514.36854	21.4169339	9.71483937	14.5973557	1536.48415	-0.426211530	8.55117036	0.178833522	supercritical
187.032945	41.0700000	38.3031424	0.0261075185	1451.52626	2523.76205	21.4672443	9.72361654	14.6019877	1536.98538	-0.426271028	8.55571169	0.179049654	supercritical
187.676350	41.0700000	38.2030613	0.0261759127	1458.11378	2533.15852	21.5173977	9.73232706	14.6065716	1537.49313	-0.426334934	8.56032324	0.179266359	supercritical
188.319755	41.0700000	38.1035164	0.0262442970	1464.70464	2542.55792	21.5673951	9.74097122	14.6111079	1538.00730	-0.426403172	8.56500412	0.179483623	supercritical
188.963160	41.0700000	38.0045035	0.0263126711	1471.29882	2551.96023	21.6172374	9.74954930	14.6155969	1538.52780	-0.426475668	8.56975345	0.179701433	supercritical
189.606565	41.0700000	37.9060184	0.0263810351	1477.89630	2561.36541	21.6669254	9.75806161	14.6200390	1539.05455	-0.426552346	8.57457034	0.179919776	supercritical
190.249970	41.0700000	37.8080572	0.0264493887	1484.49703	2570.77343	21.7164600	9.76650843	14.6244345	1539.58746	-0.426633133	8.57945394	0.180138639	supercritical
190.893375	41.0700000	37.7106158	0.0265177319	1491.10101	2580.18426	21.7658422	9.77489008	14.6287838	1540.12645	-0.426717960	8.58440340	0.180358009	supercritical
191.536780	41.0700000	37.6136902	0.0265860647	1497.70821	2589.59788	21.8150728	9.78320686	14.6330873	1540.67144	-0.426806754	8.58941787	0.180577875	supercritical
192.180185	41.0700000	37.5172765	0.0266543868	1504.31859	2599.01426	21.8641526	9.79145906	14.6373452	1541.22233	-0.426899446	8.59449655	0.180798223	supercritical
192.823590	41.0700000	37.4213708	0.0267226983	1510.93214	2608.43336	21.9130826	9.79964700	14.6415579	1541.77906	-0.426995968	8.59963861	0.181019042	supercritical
193.466995	41.0700000	37.3259691	0.0267909989	1517.54882	2617.85515	21.9618635	9.80777099	14.6457257	1542.34153	-0.427096254	8.60484325	0.181240321	supercritical
194.110400	41.0700000	37.2310678	0.0268592888	1524.16862	2627.27961	22.0104962	9.81583133	14.6498490	1542.90968	-0.427200237	8.61010970	0.181462049	supercritical
194.753805	41.0700000	37.1366628	0.0269275676	1530.79151	2636.70671	22.0589815	9.82382833	14.6539281	1543.48342	-0.427307851	8.61543717	0.181684213	supercritical
195.397210	41.0700000	37.0427506	0.0269958355	1537.41746	2646.13642	22.1073203	9.83176232	14.6579634	1544.06267	-0.427419034	8.62082490	0.181906804	supercritical
196.040615	41.0700000	36.9493273	0.0270640922	1544.04645	2655.56872	22.1555134	9.83963360	14.6619551	1544.64736	-0.427533722	8.62627213	0.182129810	supercritical
196.684020	41.0700000	36.8563892	0.0271323378	1550.67845	2665.00357	22.2035616	9.84744249	14.6659036	1545.23743	-0.427651854	8.63177812	0.182353222	supercritical
197.327425	41.0700000	36.7639326	0.0272005721	1557.31344	2674.44094	22.2514657	9.85518931	14.6698092	1545.83278	-0.427773368	8.63734215	0.182577028	supercritical
197.970830	41.0700000	36.6719540	0.0272687951	1563.95140	2683.88081	22.2992265	9.86287436	14.6736722	1546.43335	-0.427898205	8.64296349	0.182801219	supercritical
198.614235	41.0700000	36.5804497	0.0273370068	1570.59229	2693.32316	22.3468448	9.87049799	14.6774929	1547.03907	-0.428026306	8.64864142	0.183025785	supercritical
199.257640	41.0700000	36.4894161	0.0274052070	1577.23610	2702.76795	22.3943214	9.87806049	14.6812717	1547.64987	-0.428157613	8.65437525	0.183250717	supercritical
199.901045	41.0700000	36.3988497	0.0274733957	1583.88280	2712.21516	22.4416571	9.88556219	14.6850088	1548.26568	-0.428292070	8.66016429	0.183476004	supercritical
200.544450	41.0700000	36.3087470	0.0275415728	1590.53236	2721.66476	22.4888525	9.89300342	14.6887045	1548.88643	-0.428429619	8.66600785	0.183701638	supercritical
201.187855	41.0700000	36.2191045	0.0276097384	1597.18476	2731.11672	22.5359086	9.90038450	14.6923593	1549.51204	-0.428570207	8.67190527	0.183927610	supercritical
201.831260	41.0700000	36.1299188	0.0276778923	1603.83999	2740.57102	22.5828260	9.90770574	14.6959732	1550.14247	-0.428713778	8.67785588	0.184153911	supercritical
202.474665	41.0700000	36.0411864	0.0277460345	1610.49800	2750.02764	22.6296056	9.91496747	14.6995468	1550.77763	-0.428860280	8.68385903	0.184380532	supercritical
203.118070	41.0700000	35.9529040	0.0278141649	1617.15878	2759.48654	22.6762480	9.92217001	14.7030802	1551.41747	-0.429009660	8.68991409	0.184607465	supercritical
203.761475	41.0700000	35.8650682	0.0278822836	1623.82231	2768.94770	22.7227540	9.92931369	14.7065737	1552.06192	-0.429161866	8.69602040	0.184834701	supercritical
204.404880	41.0700000	35.7776756	0.0279503904	1630.48856	2778.41110	22.7691243	9.93639882	14.7100276	1552.71092	-0.429316848	8.70217736	0.185062232	supercritical
205.048285	41.0700000	35.6907231	0.0280184853	1637.15751	2787.87670	22.8153597	9.94342574	14.7134423	1553.36440	-0.429474556	8.70838434	0.185290050	supercritical
205.691690	41.0700000	35.6042073	0.0280865683	1643.82913	2797.34449	22.8614608	9.95039477	14.7168180	1554.02231	-0.429634941	8.71464074	0.185518148	supercritical
206.335095	41.0700000	35.5181250	0.0281546393	1650.50341	2806.81444	22.9074285	9.95730623	14.7201550	1554.68458	-0.429797955	8.72094596	0.185746518	supercritical
206.978500	41.0700000	35.4324731	0.0282226984	1657.18030	2816.28653	22.9532634	9.96416044	14.7234536	1555.35116	-0.429963549	8.72729940	0.185975152	supercritical
207.621905	41.0700000	35.3472482	0.0282907454	1663.85981	2825.76072	22.9989662	9.97095773	14.7267141	1556.02198	-0.430131678	8.73370049	0.186204043	supercritical
208.265310	41.0700000	35.2624473	0.0283587804	1670.54189	2835.23700	23.0445376	9.97769843	14.7299366	1556.69699	-0.430302295	8.74014865	0.186433183	supercritical
208.908715	41.0700000	35.1780673	0.0284268033	1677.22653	2844.71534	23.0899784	9.98438285	14.7331216	1557.37613	-0.430475355	8.74664332	0.186662567	supercritical
209.552120	41.0700000	35.0941051	0.0284948141	1683.91371	2854.19572	23.1352891	9.99101132	14.7362693	1558.05935	-0.430650814	8.75318393	0.186892186	supercritical
210.195525	41.0700000	35.0105575	0.0285628128	1690.60339	2863.67811	23.1804706	9.99758417	14.7393799	1558.74659	-0.430828628	8.75976993	0.187122035	supercritical
210.838930	41.0700000	34.9274217	0.0286307993	1697.29557	2873.16249	23.2255233	10.0041017	14.7424538	1559.43779	-0.431008753	8.76640079	0.187352106	supercritical
211.482335	41.0700000	34.8446945	0.0286987737	1703.99021	2882.64884	23.2704482	10.0105643	14.7454912	1560.13290	-0.431191149	8.77307596	0.187582393	supercritical
212.125740	41.0700000	34.7623730	0.0287667358	1710.68729	2892.13713	23.3152457	10.0169722	14.7484923	1560.83187	-0.431375772	8.77979492	0.187812890	supercritical
212.769145	41.0700000	34.6804543	0.0288346857	1717.38680	2901.62734	23.3599166	10.0233258	14.7514574	1561.53464	-0.431562583	8.78655715	0.188043590	supercritical
213.412550	41.0700000	34.5989353	0.0289026235	1724.08870	2911.11945	23.4044615	10.0296253	14.7543868	1562.24117	-0.431751540	8.79336213	0.188274488	supercritical
214.055955	41.0700000	34.5178133	0.0289705489	1730.79298	2920.61343	23.4488811	10.0358712	14.7572808	1562.95139	-0.431942604	8.80020935	0.188505577	supercritical
214.699360	41.0700000	34.4370854	0.0290384622	1737.49962	2930.10926	23.4931760	10.0420637	14.7601396	1563.66527	-0.432135736	8.80709832	0.188736853	supercritical
215.342765	41.0700000	34.3567486	0.0291063631	1744.20858	2939.60691	23.5373468	10.0482031	14.7629635	1564.38276	-0.432330898	8.81402854	0.188968308	supercritical
215.986170	41.0700000	34.2768002	0.0291742518	1750.91986	2949.10638	23.5813943	10.0542898	14.7657526	1565.10379	-0.432528053	8.82099952	0.189199938	supercritical
216.629575	41.0700000	34.1972374	0.0292421282	1757.63342	2958.60763	23.6253190	10.0603241	14.7685073	1565.82833	-0.432727162	8.82801078	0.189431738	supercritical
217.272980	41.0700000	34.1180575	0.0293099922	1764.34925	2968.11063	23.6691215	10.0663063	14.7712279	1566.55633	-0.432928190	8.83506186	0.189663701	supercritical
217.916385	41.0700000	34.0392576	0.0293778440	1771.06733	2977.61538	23.7128025	10.0722367	14.7739145	1567.28774	-0.433131100	8.84215227	0.189895822	supercritical
218.559790	41.0700000	33.9608350	0.0294456835	1777.78763	2987.12185	23.7563626	10.0781157	14.7765674	1568.02251	-0.433335858	8.84928157	0.190128097	supercritical
219.203195	41.0700000	33.8827871	0.0295135107	1784.51013	2996.63001	23.7998024	10.0839435	14.7791869	1568.76060	-0.433542428	8.85644929	0.190360521	supercritical
219.846600	41.0700000	33.8051112	0.0295813256	1791.23481	3006.13985	23.8431225	10.0897205	14.7817732	1569.50196	-0.433750776	8.86365499	0.190593088	supercritical
220.490005	41.0700000	33.7278046	0.0296491281	1797.96164	3015.65134	23.8863235	10.0954470	14.7843265	1570.24655	-0.433960870	8.87089822	0.190825795	supercritical
221.133410	41.0700000	33.6508647	0.0297169183	1804.69062	3025.16446	23.9294061	10.1011232	14.7868472	1570.99433	-0.434172674	8.87817855	0.191058635	supercritical
221.776815	41.0700000	33.5742890	0.0297846963	1811.42172	3034.67919	23.9723707	10.1067496	14.7893353	1571.74525	-0.434386158	8.88549554	0.191291605	supercritical
222.420220	41.0700000	33.4980748	0.0298524619	1818.15491	3044.19552	24.0152181	10.1123265	14.7917912	1572.49927	-0.434601289	8.89284876	0.191524700	supercritical
223.063625	41.0700000	33.4222195	0.0299202152	1824.89017	3053.71341	24.0579487	10.1178540	14.7942151	1573.25634	-0.434818035	8.90023781	0.191757916	supercritical
223.707030	41.0700000	33.3467207	0.0299879562	1831.62749	3063.23285	24.1005631	10.1233326	14.7966073	1574.01643	-0.435036366	8.90766225	0.191991249	supercritical
224.350435	41.0700000	33.2715759	0.0300556849	1838.36685	3072.75383	24.1430621	10.1287626	14.7989679	1574.77949	-0.435256251	8.91512169	0.192224694	supercritical
224.993840	41.0700000	33.1967824	0.0301234013	1845.10821	3082.27631	24.1854460	10.1341442	14.8012972	1575.54549	-0.435477660	8.92261572	0.192458247	supercritical
225.637245	41.0700000	33.1223380	0.0301911054	1851.85158	3091.80028	24.2277155	10.1394778	14.8035954	1576.31438	-0.435700563	8.93014393	0.192691904	supercritical
226.280650	41.0700000	33.0482402	0.0302587973	1858.59691	3101.32571	24.2698711	10.1447637	14.8058628	1577.08613	-0.435924932	8.93770595	0.192925662	supercritical
226.924055	41.0700000	32.9744864	0.0303264769	1865.34420	3110.85260	24.3119135	10.1500021	14.8080996	1577.86070	-0.436150738	8.94530136	0.193159516	supercritical
227.567460	41.0700000	32.9010744	0.0303941442	1872.09342	3120.38092	24.3538431	10.1551935	14.8103060	1578.63804	-0.436377952	8.95292981	0.193393463	supercritical
228.210865	41.0700000	32.8280017	0.0304617993	1878.84455	3129.91065	24.3956605	10.1603381	14.8124822	1579.41812	-0.436606547	8.96059090	0.193627499	supercritical
228.854270	41.0700000	32.7552661	0.0305294421	1885.59757	3139.44176	24.4373662	10.1654361	14.8146285	1580.20090	-0.436836496	8.96828426	0.193861620	supercritical
229.497675	41.0700000	32.6828651	0.0305970728	1892.35247	3148.97425	24.4789609	10.1704880	14.8167450	1580.98635	-0.437067772	8.97600952	0.194095824	supercritical
230.141080	41.0700000	32.6107964	0.0306646912	1899.10923	3158.50809	24.5204450	10.1754939	14.8188321	1581.77444	-0.437300349	8.98376632	0.194330105	supercritical
230.784485	41.0700000	32.5390578	0.0307322974	1905.86781	3168.04327	24.5618190	10.1804543	14.8208898	1582.56511	-0.437534200	8.99155430	0.194564463	supercritical
231.427890	41.0700000	32.4676469	0.0307998914	1912.62821	3177.57975	24.6030836	10.1853694	14.8229185	1583.35835	-0.437769300	8.99937310	0.194798892	supercritical
232.071295	41.0700000	32.3965616	0.0308674733	1919.39041	3187.11754	24.6442392	10.1902394	14.8249184	1584.15410	-0.438005625	9.00722237	0.195033390	supercritical
232.714700	41.0700000	32.3257996	0.0309350430	1926.15438	3196.65660	24.6852863	10.1950648	14.8268896	1584.95235	-0.438243148	9.01510177	0.195267953	supercritical
233.358105	41.0700000	32.2553586	0.0310026006	1932.92012	3206.19692	24.7262255	10.1998458	14.8288324	1585.75306	-0.438481847	9.02301095	0.195502579	supercritical
234.001510	41.0700000	32.1852365	0.0310701461	1939.68759	3215.73849	24.7670573	10.2045826	14.8307469	1586.55618	-0.438721696	9.03094958	0.195737264	supercritical
234.644915	41.0700000	32.1154311	0.0311376795	1946.45677	3225.28127	24.8077822	10.2092756	14.8326335	1587.36170	-0.438962673	9.03891733	0.195972006	supercritical
235.288320	41.0700000	32.0459403	0.0312052008	1953.22766	3234.82526	24.8484007	10.2139251	14.8344923	1588.16957	-0.439204754	9.04691386	0.196206802	supercritical
235.931725	41.0700000	31.9767618	0.0312727100	1960.00024	3244.37044	24.8889134	10.2185314	14.8363235	1588.97977	-0.439447917	9.05493885	0.196441649	supercritical
236.575130	41.0700000	31.9078937	0.0313402072	1966.77447	3253.91678	24.9293206	10.2230947	14.8381273	1589.79226	-0.439692138	9.06299198	0.196676544	supercritical
237.218535	41.0700000	31.8393337	0.0314076924	1973.55036	3263.46428	24.9696230	10.2276154	14.8399039	1590.60701	-0.439937396	9.07107293	0.196911485	supercritical
237.861940	41.0700000	31.7710799	0.0314751656	1980.32786	3273.01292	25.0098210	10.2320937	14.8416536	1591.42400	-0.440183668	9.07918139	0.197146468	supercritical
238.505345	41.0700000	31.7031300	0.0315426268	1987.10698	3282.56266	25.0499151	10.2365299	14.8433765	1592.24318	-0.440430935	9.08731705	0.197381492	supercritical
239.148750	41.0700000	31.6354822	0.0316100761	1993.88769	3292.11351	25.0899058	10.2409243	14.8450729	1593.06453	-0.440679173	9.09547961	0.197616554	supercritical
239.792155	41.0700000	31.5681344	0.0316775134	2000.66997	3301.66545	25.1297935	10.2452772	14.8467429	1593.88803	-0.440928363	9.10366876	0.197851652	supercritical
240.435560	41.0700000	31.5010845	0.0317449389	2007.45381	3311.21845	25.1695788	10.2495888	14.8483867	1594.71363	-0.441178485	9.11188421	0.198086782	supercritical
241.078965	41.0700000	31.4343305	0.0318123524	2014.23918	3320.77249	25.2092622	10.2538596	14.8500046	1595.54132	-0.441429517	9.12012566	0.198321943	supercritical
241.722370	41.0700000	31.3678706	0.0318797541	2021.02607	3330.32758	25.2488440	10.2580896	14.8515968	1596.37107	-0.441681441	9.12839282	0.198557133	supercritical
242.365775	41.0700000	31.3017026	0.0319471440	2027.81447	3339.88367	25.2883249	10.2622793	14.8531633	1597.20283	-0.441934236	9.13668541	0.198792349	supercritical
243.009180	41.0700000	31.2358248	0.0320145220	2034.60435	3349.44077	25.3277051	10.2664289	14.8547045	1598.03660	-0.442187884	9.14500313	0.199027589	supercritical
243.652585	41.0700000	31.1702351	0.0320818883	2041.39570	3358.99885	25.3669853	10.2705386	14.8562206	1598.87233	-0.442442365	9.15334572	0.199262851	supercritical
244.295990	41.0700000	31.1049317	0.0321492428	2048.18850	3368.55790	25.4061659	10.2746088	14.8577116	1599.71001	-0.442697662	9.16171290	0.199498133	supercritical
244.939395	41.0700000	31.0399126	0.0322165856	2054.98273	3378.11790	25.4452473	10.2786397	14.8591779	1600.54961	-0.442953755	9.17010438	0.199733433	supercritical
245.582800	41.0700000	30.9751760	0.0322839167	2061.77837	3387.67883	25.4842300	10.2826317	14.8606195	1601.39109	-0.443210626	9.17851991	0.199968749	supercritical
246.226205	41.0700000	30.9107200	0.0323512361	2068.57542	3397.24068	25.5231145	10.2865848	14.8620368	1602.23444	-0.443468258	9.18695922	0.200204079	supercritical
246.869610	41.0700000	30.8465428	0.0324185438	2075.37385	3406.80344	25.5619011	10.2904996	14.8634298	1603.07963	-0.443726634	9.19542203	0.200439421	supercritical
247.513015	41.0700000	30.7826426	0.0324858400	2082.17364	3416.36709	25.6005904	10.2943761	14.8647988	1603.92663	-0.443985736	9.20390810	0.200674774	supercritical
248.156420	41.0700000	30.7190175	0.0325531245	2088.97479	3425.93161	25.6391827	10.2982147	14.8661440	1604.77542	-0.444245546	9.21241717	0.200910135	supercritical
248.799825	41.0700000	30.6556657	0.0326203975	2095.77726	3435.49699	25.6776786	10.3020157	14.8674656	1605.62597	-0.444506050	9.22094897	0.201145503	supercritical
249.443230	41.0700000	30.5925855	0.0326876589	2102.58105	3445.06321	25.7160784	10.3057793	14.8687636	1606.47826	-0.444767228	9.22950327	0.201380876	supercritical
250.086635	41.0700000	30.5297751	0.0327549089	2109.38615	3454.63026	25.7543827	10.3095057	14.8700384	1607.33227	-0.445029067	9.23807981	0.201616252	supercritical
250.730040	41.0700000	30.4672327	0.0328221473	2116.19253	3464.19812	25.7925917	10.3131954	14.8712901	1608.18796	-0.445291550	9.24667834	0.201851630	supercritical
251.373445	41.0700000	30.4049566	0.0328893744	2123.00017	3473.76678	25.8307060	10.3168484	14.8725188	1609.04532	-0.445554660	9.25529863	0.202087009	supercritical
252.016850	41.0700000	30.3429451	0.0329565900	2129.80907	3483.33622	25.8687260	10.3204651	14.8737249	1609.90433	-0.445818383	9.26394044	0.202322386	supercritical
252.660255	41.0700000	30.2811965	0.0330237942	2136.61920	3492.90643	25.9066521	10.3240457	14.8749083	1610.76495	-0.446082703	9.27260353	0.202557760	supercritical
253.303660	41.0700000	30.2197090	0.0330909871	2143.43056	3502.47739	25.9444847	10.3275905	14.8760694	1611.62718	-0.446347606	9.28128767	0.202793130	supercritical
253.947065	41.0700000	30.1584811	0.0331581686	2150.24311	3512.04910	25.9822243	10.3310998	14.8772084	1612.49098	-0.446613076	9.28999262	0.203028494	supercritical
254.590470	41.0700000	30.0975110	0.0332253388	2157.05686	3521.62153	26.0198712	10.3345738	14.8783252	1613.35633	-0.446879099	9.29871815	0.203263851	supercritical
255.233875	41.0700000	30.0367970	0.0332924978	2163.87179	3531.19467	26.0574259	10.3380127	14.8794203	1614.22321	-0.447145660	9.30746405	0.203499200	supercritical
255.877280	41.0700000	29.9763376	0.0333596456	2170.68787	3540.76851	26.0948888	10.3414169	14.8804937	1615.09161	-0.447412746	9.31623009	0.203734538	supercritical
256.520685	41.0700000	29.9161312	0.0334267821	2177.50509	3550.34304	26.1322602	10.3447866	14.8815456	1615.96149	-0.447680342	9.32501605	0.203969866	supercritical
257.164090	41.0700000	29.8561761	0.0334939075	2184.32345	3559.91823	26.1695407	10.3481219	14.8825762	1616.83284	-0.447948435	9.33382172	0.204205181	supercritical
257.807495	41.0700000	29.7964706	0.0335610218	2191.14291	3569.49408	26.2067305	10.3514233	14.8835856	1617.70564	-0.448217011	9.34264687	0.204440483	supercritical
258.450900	41.0700000	29.7370133	0.0336281249	2197.96348	3579.07057	26.2438301	10.3546909	14.8845741	1618.57987	-0.448486057	9.35149129	0.204675770	supercritical
259.094305	41.0700000	29.6778026	0.0336952170	2204.78513	3588.64769	26.2808400	10.3579249	14.8855417	1619.45550	-0.448755560	9.36035478	0.204911041	supercritical
259.737710	41.0700000	29.6188369	0.0337622981	2211.60785	3598.22543	26.3177604	10.3611257	14.8864888	1620.33252	-0.449025507	9.36923712	0.205146294	supercritical
260.381115	41.0700000	29.5601147	0.0338293681	2218.43162	3607.80377	26.3545917	10.3642934	14.8874154	1621.21090	-0.449295885	9.37813812	0.205381530	supercritical
261.024520	41.0700000	29.5016343	0.0338964272	2225.25644	3617.38270	26.3913345	10.3674284	14.8883217	1622.09063	-0.449566681	9.38705756	0.205616746	supercritical
261.667925	41.0700000	29.4433944	0.0339634753	2232.08228	3626.96221	26.4279889	10.3705308	14.8892078	1622.97169	-0.449837883	9.39599525	0.205851942	supercritical
262.311330	41.0700000	29.3853934	0.0340305125	2238.90913	3636.54228	26.4645556	10.3736010	14.8900741	1623.85406	-0.450109480	9.40495100	0.206087117	supercritical
262.954735	41.0700000	29.3276299	0.0340975389	2245.73698	3646.12290	26.5010347	10.3766390	14.8909205	1624.73771	-0.450381458	9.41392460	0.206322269	supercritical
263.598140	41.0700000	29.2701022	0.0341645544	2252.56581	3655.70406	26.5374267	10.3796453	14.8917473	1625.62264	-0.450653806	9.42291585	0.206557398	supercritical
264.241545	41.0700000	29.2128091	0.0342315591	2259.39561	3665.28575	26.5737320	10.3826200	14.8925547	1626.50882	-0.450926513	9.43192458	0.206792502	supercritical
264.884950	41.0700000	29.1557489	0.0342985531	2266.22637	3674.86794	26.6099510	10.3855633	14.8933428	1627.39624	-0.451199567	9.44095059	0.207027581	supercritical
265.528355	41.0700000	29.0989203	0.0343655363	2273.05807	3684.45064	26.6460840	10.3884756	14.8941117	1628.28487	-0.451472957	9.44999369	0.207262635	supercritical
266.171760	41.0700000	29.0423218	0.0344325088	2279.89070	3694.03383	26.6821313	10.3913570	14.8948617	1629.17470	-0.451746671	9.45905369	0.207497661	supercritical
266.815165	41.0700000	28.9859520	0.0344994706	2286.72424	3703.61750	26.7180934	10.3942077	14.8955929	1630.06571	-0.452020698	9.46813042	0.207732660	supercritical
267.458570	41.0700000	28.9298096	0.0345664218	2293.55868	3713.20163	26.7539707	10.3970281	14.8963054	1630.95789	-0.452295028	9.47722370	0.207967629	supercritical
268.101975	41.0700000	28.8738930	0.0346333624	2300.39401	3722.78621	26.7897634	10.3998183	14.8969994	1631.85122	-0.452569650	9.48633334	0.208202570	supercritical
268.745380	41.0700000	28.8182010	0.0347002924	2307.23022	3732.37123	26.8254720	10.4025785	14.8976752	1632.74567	-0.452844553	9.49545917	0.208437480	supercritical
269.388785	41.0700000	28.7627321	0.0347672119	2314.06729	3741.95668	26.8610968	10.4053091	14.8983327	1633.64124	-0.453119727	9.50460101	0.208672359	supercritical
270.032190	41.0700000	28.7074849	0.0348341209	2320.90520	3751.54255	26.8966381	10.4080102	14.8989722	1634.53790	-0.453395162	9.51375869	0.208907207	supercritical
270.675595	41.0700000	28.6524582	0.0349010194	2327.74396	3761.12882	26.9320964	10.4106820	14.8995939	1635.43565	-0.453670847	9.52293205	0.209142022	supercritical
271.319000	41.0700000	28.5976506	0.0349679075	2334.58353	3770.71549	26.9674719	10.4133249	14.9001979	1636.33446	-0.453946773	9.53212090	0.209376804	supercritical
271.962405	41.0700000	28.5430607	0.0350347852	2341.42391	3780.30254	27.0027650	10.4159389	14.9007843	1637.23432	-0.454222930	9.54132509	0.209611553	supercritical
272.605810	41.0700000	28.4886872	0.0351016526	2348.26510	3789.88997	27.0379762	10.4185244	14.9013534	1638.13521	-0.454499308	9.55054444	0.209846267	supercritical
273.249215	41.0700000	28.4345288	0.0351685096	2355.10706	3799.47775	27.0731056	10.4210815	14.9019052	1639.03712	-0.454775898	9.55977880	0.210080946	supercritical
273.892620	41.0700000	28.3805843	0.0352353563	2361.94980	3809.06588	27.1081537	10.4236105	14.9024399	1639.94003	-0.455052690	9.56902801	0.210315589	supercritical
274.536025	41.0700000	28.3268523	0.0353021928	2368.79330	3818.65436	27.1431208	10.4261116	14.9029577	1640.84393	-0.455329675	9.57829190	0.210550196	supercritical
275.179430	41.0700000	28.2733315	0.0353690191	2375.63754	3828.24315	27.1780072	10.4285850	14.9034588	1641.74881	-0.455606844	9.58757031	0.210784767	supercritical
275.822835	41.0700000	28.2200207	0.0354358351	2382.48252	3837.83227	27.2128133	10.4310309	14.9039432	1642.65463	-0.455884187	9.59686310	0.211019300	supercritical
276.466240	41.0700000	28.1669186	0.0355026411	2389.32823	3847.42169	27.2475394	10.4334496	14.9044111	1643.56141	-0.456161697	9.60617010	0.211253795	supercritical
277.109645	41.0700000	28.1140240	0.0355694369	2396.17464	3857.01141	27.2821859	10.4358413	14.9048626	1644.46910	-0.456439363	9.61549116	0.211488251	supercritical
277.753050	41.0700000	28.0613356	0.0356362226	2403.02176	3866.60142	27.3167530	10.4382061	14.9052980	1645.37772	-0.456717178	9.62482613	0.211722669	supercritical
278.396455	41.0700000	28.0088522	0.0357029983	2409.86956	3876.19170	27.3512412	10.4405443	14.9057174	1646.28723	-0.456995133	9.63417486	0.211957047	supercritical
279.039860	41.0700000	27.9565726	0.0357697639	2416.71804	3885.78224	27.3856506	10.4428562	14.9061209	1647.19763	-0.457273220	9.64353721	0.212191386	supercritical
279.683265	41.0700000	27.9044955	0.0358365196	2423.56718	3895.37304	27.4199818	10.4451418	14.9065086	1648.10890	-0.457551429	9.65291303	0.212425684	supercritical
280.326670	41.0700000	27.8526198	0.0359032653	2430.41697	3904.96408	27.4542349	10.4474015	14.9068807	1649.02103	-0.457829754	9.66230216	0.212659941	supercritical
280.970075	41.0700000	27.8009443	0.0359700012	2437.26741	3914.55536	27.4884104	10.4496354	14.9072374	1649.93400	-0.458108186	9.67170448	0.212894157	supercritical
281.613480	41.0700000	27.7494678	0.0360367271	2444.11848	3924.14686	27.5225084	10.4518438	14.9075787	1650.84781	-0.458386717	9.68111984	0.213128332	supercritical
282.256885	41.0700000	27.6981891	0.0361034433	2450.97016	3933.73858	27.5565294	10.4540268	14.9079049	1651.76243	-0.458665339	9.69054809	0.213362464	supercritical
282.900290	41.0700000	27.6471071	0.0361701496	2457.82245	3943.33050	27.5904737	10.4561847	14.9082161	1652.67786	-0.458944044	9.69998911	0.213596555	supercritical
283.543695	41.0700000	27.5962206	0.0362368461	2464.67534	3952.92261	27.6243416	10.4583176	14.9085123	1653.59408	-0.459222826	9.70944274	0.213830602	supercritical
284.187100	41.0700000	27.5455285	0.0363035330	2471.52882	3962.51492	27.6581333	10.4604259	14.9087939	1654.51108	-0.459501675	9.71890887	0.214064606	supercritical
284.830505	41.0700000	27.4950295	0.0363702101	2478.38287	3972.10740	27.6918493	10.4625095	14.9090608	1655.42885	-0.459780586	9.72838734	0.214298567	supercritical
285.473910	41.0700000	27.4447227	0.0364368775	2485.23748	3981.70004	27.7254897	10.4645689	14.9093132	1656.34737	-0.460059549	9.73787804	0.214532484	supercritical
286.117315	41.0700000	27.3946069	0.0365035354	2492.09265	3991.29285	27.7590550	10.4666041	14.9095514	1657.26664	-0.460338560	9.74738083	0.214766357	supercritical
286.760720	41.0700000	27.3446809	0.0365701836	2498.94836	4000.88580	27.7925454	10.4686154	14.9097753	1658.18663	-0.460617609	9.75689557	0.215000185	supercritical
287.404125	41.0700000	27.2949437	0.0366368223	2505.80460	4010.47889	27.8259612	10.4706030	14.9099852	1659.10735	-0.460896690	9.76642215	0.215233969	supercritical
288.047530	41.0700000	27.2453941	0.0367034514	2512.66136	4020.07211	27.8593028	10.4725670	14.9101811	1660.02877	-0.461175797	9.77596043	0.215467708	supercritical
288.690935	41.0700000	27.1960312	0.0367700711	2519.51864	4029.66546	27.8925704	10.4745077	14.9103633	1660.95088	-0.461454922	9.78551030	0.215701401	supercritical
289.334340	41.0700000	27.1468538	0.0368366813	2526.37642	4039.25892	27.9257643	10.4764252	14.9105318	1661.87367	-0.461734058	9.79507161	0.215935049	supercritical
289.977745	41.0700000	27.0978608	0.0369032821	2533.23468	4048.85248	27.9588848	10.4783198	14.9106868	1662.79714	-0.462013200	9.80464426	0.216168652	supercritical
290.621150	41.0700000	27.0490512	0.0369698735	2540.09343	4058.44613	27.9919323	10.4801916	14.9108284	1663.72127	-0.462292339	9.81422811	0.216402208	supercritical
291.264555	41.0700000	27.0004240	0.0370364555	2546.95265	4068.03988	28.0249070	10.4820409	14.9109568	1664.64604	-0.462571471	9.82382306	0.216635718	supercritical
291.907960	41.0700000	26.9519780	0.0371030282	2553.81233	4077.63370	28.0578091	10.4838678	14.9110721	1665.57146	-0.462850587	9.83342897	0.216869182	supercritical
292.551365	41.0700000	26.9037123	0.0371695917	2560.67246	4087.22759	28.0906391	10.4856725	14.9111743	1666.49750	-0.463129683	9.84304574	0.217102599	supercritical
293.194770	41.0700000	26.8556258	0.0372361458	2567.53304	4096.82155	28.1233972	10.4874552	14.9112638	1667.42415	-0.463408752	9.85267324	0.217335970	supercritical
293.838175	41.0700000	26.8077176	0.0373026908	2574.39404	4106.41555	28.1560837	10.4892161	14.9113404	1668.35141	-0.463687788	9.86231137	0.217569293	supercritical
294.481580	41.0700000	26.7599865	0.0373692266	2581.25547	4116.00960	28.1886988	10.4909553	14.9114045	1669.27927	-0.463966784	9.87196000	0.217802569	supercritical
295.124985	41.0700000	26.7124316	0.0374357533	2588.11731	4125.60369	28.2212428	10.4926731	14.9114561	1670.20771	-0.464245734	9.88161902	0.218035798	supercritical
295.768390	41.0700000	26.6650520	0.0375022708	2594.97955	4135.19781	28.2537161	10.4943697	14.9114954	1671.13672	-0.464524633	9.89128832	0.218268980	supercritical
296.411795	41.0700000	26.6178465	0.0375687792	2601.84219	4144.79195	28.2861189	10.4960451	14.9115225	1672.06629	-0.464803476	9.90096780	0.218502114	supercritical
297.055200	41.0700000	26.5708143	0.0376352786	2608.70521	4154.38611	28.3184515	10.4976997	14.9115374	1672.99642	-0.465082255	9.91065733	0.218735200	supercritical
297.698605	41.0700000	26.5239543	0.0377017690	2615.56861	4163.98027	28.3507141	10.4993336	14.9115404	1673.92709	-0.465360966	9.92035682	0.218968238	supercritical
298.342010	41.0700000	26.4772656	0.0377682504	2622.43238	4173.57442	28.3829071	10.5009469	14.9115316	1674.85830	-0.465639602	9.93006615	0.219201228	supercritical
298.985415	41.0700000	26.4307473	0.0378347229	2629.29650	4183.16857	28.4150307	10.5025399	14.9115111	1675.79002	-0.465918159	9.93978522	0.219434170	supercritical
299.628820	41.0700000	26.3843983	0.0379011865	2636.16097	4192.76270	28.4470851	10.5041127	14.9114789	1676.72226	-0.466196630	9.94951393	0.219667064	supercritical
300.272225	41.0700000	26.3382177	0.0379676412	2643.02579	4202.35681	28.4790708	10.5056654	14.9114353	1677.65501	-0.466475011	9.95925216	0.219899910	supercritical
300.915630	41.0700000	26.2922047	0.0380340870	2649.89093	4211.95088	28.5109879	10.5071984	14.9113803	1678.58825	-0.466753296	9.96899982	0.220132707	supercritical
301.559035	41.0700000	26.2463582	0.0381005240	2656.75640	4221.54492	28.5428366	10.5087117	14.9113141	1679.52197	-0.467031479	9.97875681	0.220365456	supercritical
302.202440	41.0700000	26.2006773	0.0381669523	2663.62218	4231.13891	28.5746174	10.5102055	14.9112368	1680.45617	-0.467309557	9.98852303	0.220598156	supercritical
302.845845	41.0700000	26.1551611	0.0382333718	2670.48827	4240.73285	28.6063303	10.5116800	14.9111485	1681.39083	-0.467587522	9.99829837	0.220830808	supercritical
303.489250	41.0700000	26.1098088	0.0382997826	2677.35465	4250.32672	28.6379758	10.5131354	14.9110494	1682.32595	-0.467865372	10.0080827	0.221063411	supercritical
304.132655	41.0700000	26.0646193	0.0383661847	2684.22133	4259.92053	28.6695540	10.5145718	14.9109394	1683.26152	-0.468143099	10.0178760	0.221295966	supercritical
304.776060	41.0700000	26.0195919	0.0384325782	2691.08828	4269.51427	28.7010653	10.5159894	14.9108189	1684.19753	-0.468420700	10.0276781	0.221528471	supercritical
305.419465	41.0700000	25.9747256	0.0384989630	2697.95551	4279.10792	28.7325098	10.5173884	14.9106878	1685.13397	-0.468698170	10.0374890	0.221760928	supercritical
306.062870	41.0700000	25.9300195	0.0385653393	2704.82300	4288.70149	28.7638879	10.5187689	14.9105464	1686.07083	-0.468975504	10.0473085	0.221993336	supercritical
306.706275	41.0700000	25.8854727	0.0386317071	2711.69075	4298.29496	28.7951998	10.5201311	14.9103946	1687.00811	-0.469252696	10.0571366	0.222225695	supercritical
307.349680	41.0700000	25.8410845	0.0386980663	2718.55875	4307.88833	28.8264457	10.5214752	14.9102327	1687.94578	-0.469529743	10.0669731	0.222458006	supercritical
307.993085	41.0700000	25.7968538	0.0387644170	2725.42699	4317.48159	28.8576260	10.5228013	14.9100607	1688.88386	-0.469806640	10.0768179	0.222690267	supercritical
308.636490	41.0700000	25.7527799	0.0388307593	2732.29546	4327.07474	28.8887408	10.5241096	14.9098788	1689.82232	-0.470083382	10.0866711	0.222922480	supercritical
309.279895	41.0700000	25.7088620	0.0388970932	2739.16415	4336.66777	28.9197904	10.5254003	14.9096871	1690.76116	-0.470359965	10.0965324	0.223154644	supercritical
309.923300	41.0700000	25.6650991	0.0389634187	2746.03307	4346.26067	28.9507751	10.5266734	14.9094856	1691.70038	-0.470636384	10.1064018	0.223386759	supercritical
310.566705	41.0700000	25.6214904	0.0390297358	2752.90219	4355.85344	28.9816950	10.5279293	14.9092745	1692.63995	-0.470912635	10.1162792	0.223618825	supercritical
311.210110	41.0700000	25.5780350	0.0390960447	2759.77152	4365.44608	29.0125506	10.5291680	14.9090540	1693.57989	-0.471188713	10.1261646	0.223850842	supercritical
311.853515	41.0700000	25.5347323	0.0391623452	2766.64105	4375.03856	29.0433420	10.5303896	14.9088240	1694.52016	-0.471464615	10.1360578	0.224082811	supercritical
312.496920	41.0700000	25.4915813	0.0392286375	2773.51076	4384.63090	29.0740694	10.5315945	14.9085848	1695.46078	-0.471740336	10.1459587	0.224314730	supercritical
313.140325	41.0700000	25.4485812	0.0392949215	2780.38065	4394.22308	29.1047331	10.5327826	14.9083364	1696.40173	-0.472015872	10.1558672	0.224546601	supercritical
313.783730	41.0700000	25.4057312	0.0393611974	2787.25072	4403.81509	29.1353334	10.5339542	14.9080790	1697.34301	-0.472291218	10.1657834	0.224778424	supercritical
314.427135	41.0700000	25.3630305	0.0394274651	2794.12095	4413.40694	29.1658704	10.5351094	14.9078126	1698.28460	-0.472566372	10.1757070	0.225010197	supercritical
315.070540	41.0700000	25.3204783	0.0394937247	2800.99134	4422.99861	29.1963445	10.5362483	14.9075373	1699.22650	-0.472841328	10.1856381	0.225241923	supercritical
315.713945	41.0700000	25.2780739	0.0395599761	2807.86189	4432.59011	29.2267558	10.5373712	14.9072534	1700.16870	-0.473116082	10.1955765	0.225473599	supercritical
316.357350	41.0700000	25.2358164	0.0396262196	2814.73258	4442.18141	29.2571046	10.5384782	14.9069607	1701.11119	-0.473390632	10.2055221	0.225705227	supercritical
317.000755	41.0700000	25.1937050	0.0396924549	2821.60341	4451.77253	29.2873912	10.5395693	14.9066596	1702.05398	-0.473664972	10.2154749	0.225936807	supercritical
317.644160	41.0700000	25.1517390	0.0397586823	2828.47437	4461.36345	29.3176157	10.5406449	14.9063500	1702.99704	-0.473939100	10.2254348	0.226168338	supercritical
318.287565	41.0700000	25.1099176	0.0398249017	2835.34546	4470.95417	29.3477785	10.5417049	14.9060322	1703.94037	-0.474213011	10.2354017	0.226399821	supercritical
318.930970	41.0700000	25.0682400	0.0398911132	2842.21666	4480.54468	29.3778796	10.5427496	14.9057060	1704.88397	-0.474486701	10.2453756	0.226631256	supercritical
319.574375	41.0700000	25.0267056	0.0399573167	2849.08798	4490.13498	29.4079195	10.5437792	14.9053718	1705.82783	-0.474760168	10.2553563	0.226862642	supercritical
320.217780	41.0700000	24.9853134	0.0400235124	2855.95941	4499.72506	29.4378982	10.5447937	14.9050296	1706.77194	-0.475033407	10.2653438	0.227093981	supercritical
320.861185	41.0700000	24.9440628	0.0400897002	2862.83093	4509.31492	29.4678161	10.5457932	14.9046795	1707.71630	-0.475306415	10.2753380	0.227325271	supercritical
321.504590	41.0700000	24.9029531	0.0401558802	2869.70255	4518.90455	29.4976734	10.5467781	14.9043215	1708.66089	-0.475579188	10.2853388	0.227556514	supercritical
322.147995	41.0700000	24.8619834	0.0402220524	2876.57425	4528.49395	29.5274702	10.5477483	14.9039558	1709.60571	-0.475851723	10.2953462	0.227787709	supercritical
322.791400	41.0700000	24.8211531	0.0402882169	2883.44604	4538.08311	29.5572068	10.5487040	14.9035826	1710.55076	-0.476124016	10.3053601	0.228018856	supercritical
323.434805	41.0700000	24.7804615	0.0403543736	2890.31790	4547.67202	29.5868835	10.5496454	14.9032018	1711.49603	-0.476396065	10.3153803	0.228249956	supercritical
324.078210	41.0700000	24.7399077	0.0404205226	2897.18983	4557.26069	29.6165004	10.5505726	14.9028135	1712.44151	-0.476667864	10.3254070	0.228481008	supercritical
324.721615	41.0700000	24.6994912	0.0404866640	2904.06182	4566.84911	29.6460578	10.5514857	14.9024180	1713.38720	-0.476939412	10.3354399	0.228712013	supercritical
325.365020	41.0700000	24.6592111	0.0405527977	2910.93387	4576.43727	29.6755559	10.5523850	14.9020152	1714.33308	-0.477210706	10.3454790	0.228942970	supercritical
326.008425	41.0700000	24.6190668	0.0406189238	2917.80597	4586.02517	29.7049950	10.5532704	14.9016053	1715.27916	-0.477481740	10.3555242	0.229173881	supercritical
326.651830	41.0700000	24.5790576	0.0406850424	2924.67812	4595.61281	29.7343751	10.5541422	14.9011884	1716.22542	-0.477752514	10.3655755	0.229404744	supercritical
327.295235	41.0700000	24.5391828	0.0407511534	2931.55030	4605.20017	29.7636967	10.5550005	14.9007645	1717.17187	-0.478023023	10.3756328	0.229635560	supercritical
327.938640	41.0700000	24.4994416	0.0408172568	2938.42252	4614.78726	29.7929598	10.5558454	14.9003338	1718.11849	-0.478293264	10.3856960	0.229866330	supercritical
328.582045	41.0700000	24.4598334	0.0408833528	2945.29477	4624.37407	29.8221647	10.5566771	14.8998964	1719.06527	-0.478563235	10.3957651	0.230097053	supercritical
329.225450	41.0700000	24.4203576	0.0409494413	2952.16704	4633.96059	29.8513116	10.5574956	14.8994522	1720.01222	-0.478832931	10.4058400	0.230327730	supercritical
329.868855	41.0700000	24.3810133	0.0410155224	2959.03932	4643.54683	29.8804007	10.5583012	14.8990016	1720.95933	-0.479102351	10.4159206	0.230558360	supercritical
330.512260	41.0700000	24.3418001	0.0410815961	2965.91162	4653.13277	29.9094323	10.5590939	14.8985444	1721.90658	-0.479371492	10.4260068	0.230788943	supercritical
331.155665	41.0700000	24.3027171	0.0411476625	2972.78393	4662.71842	29.9384065	10.5598739	14.8980808	1722.85399	-0.479640350	10.4360987	0.231019481	supercritical
331.799070	41.0700000	24.2637637	0.0412137214	2979.65623	4672.30377	29.9673236	10.5606413	14.8976110	1723.80153	-0.479908922	10.4461961	0.231249973	supercritical
332.442475	41.0700000	24.2249394	0.0412797731	2986.52854	4681.88882	29.9961837	10.5613963	14.8971349	1724.74920	-0.480177206	10.4562990	0.231480419	supercritical
333.085880	41.0700000	24.1862433	0.0413458175	2993.40083	4691.47355	30.0249871	10.5621389	14.8966527	1725.69700	-0.480445199	10.4664073	0.231710819	supercritical
333.729285	41.0700000	24.1476749	0.0414118546	3000.27311	4701.05798	30.0537340	10.5628693	14.8961645	1726.64493	-0.480712897	10.4765209	0.231941174	supercritical
334.372690	41.0700000	24.1092334	0.0414778845	3007.14537	4710.64209	30.0824245	10.5635876	14.8956704	1727.59297	-0.480980300	10.4866398	0.232171483	supercritical
335.016095	41.0700000	24.0709184	0.0415439072	3014.01761	4720.22587	30.1110590	10.5642939	14.8951704	1728.54113	-0.481247403	10.4967640	0.232401747	supercritical
335.659500	41.0700000	24.0327291	0.0416099227	3020.88981	4729.80934	30.1396375	10.5649884	14.8946646	1729.48939	-0.481514204	10.5068933	0.232631966	supercritical
336.302905	41.0700000	23.9946649	0.0416759311	3027.76199	4739.39248	30.1681604	10.5656712	14.8941531	1730.43775	-0.481780700	10.5170277	0.232862140	supercritical
336.946310	41.0700000	23.9567251	0.0417419323	3034.63412	4748.97528	30.1966277	10.5663424	14.8936361	1731.38620	-0.482046889	10.5271672	0.233092269	supercritical
337.589715	41.0700000	23.9189092	0.0418079265	3041.50621	4758.55775	30.2250398	10.5670021	14.8931135	1732.33475	-0.482312769	10.5373116	0.233322353	supercritical
338.233120	41.0700000	23.8812166	0.0418739136	3048.37826	4768.13989	30.2533967	10.5676505	14.8925855	1733.28338	-0.482578336	10.5474610	0.233552393	supercritical
338.876525	41.0700000	23.8436465	0.0419398937	3055.25025	4777.72168	30.2816988	10.5682876	14.8920522	1734.23209	-0.482843588	10.5576153	0.233782389	supercritical
339.519930	41.0700000	23.8061984	0.0420058668	3062.12218	4787.30313	30.3099461	10.5689136	14.8915136	1735.18088	-0.483108523	10.5677744	0.234012341	supercritical
340.163335	41.0700000	23.7688717	0.0420718329	3068.99405	4796.88423	30.3381390	10.5695286	14.8909698	1736.12974	-0.483373139	10.5779382	0.234242249	supercritical
340.806740	41.0700000	23.7316658	0.0421377921	3075.86586	4806.46498	30.3662775	10.5701327	14.8904209	1737.07866	-0.483637432	10.5881067	0.234472113	supercritical
341.450145	41.0700000	23.6945801	0.0422037443	3082.73759	4816.04537	30.3943619	10.5707261	14.8898670	1738.02765	-0.483901401	10.5982799	0.234701933	supercritical
342.093550	41.0700000	23.6576140	0.0422696896	3089.60925	4825.62541	30.4223925	10.5713088	14.8893081	1738.97668	-0.484165043	10.6084577	0.234931710	supercritical
342.736955	41.0700000	23.6207668	0.0423356281	3096.48083	4835.20508	30.4503692	10.5718809	14.8887444	1739.92577	-0.484428357	10.6186401	0.235161443	supercritical
343.380360	41.0700000	23.5840381	0.0424015597	3103.35233	4844.78439	30.4782925	10.5724427	14.8881759	1740.87491	-0.484691338	10.6288269	0.235391134	supercritical
344.023765	41.0700000	23.5474272	0.0424674845	3110.22374	4854.36333	30.5061624	10.5729941	14.8876027	1741.82409	-0.484953987	10.6390182	0.235620781	supercritical
344.667170	41.0700000	23.5109335	0.0425334026	3117.09506	4863.94190	30.5339792	10.5735353	14.8870249	1742.77330	-0.485216299	10.6492138	0.235850386	supercritical
345.310575	41.0700000	23.4745565	0.0425993139	3123.96628	4873.52010	30.5617430	10.5740664	14.8864426	1743.72255	-0.485478274	10.6594138	0.236079949	supercritical
345.953980	41.0700000	23.4382956	0.0426652184	3130.83741	4883.09793	30.5894540	10.5745876	14.8858557	1744.67182	-0.485739908	10.6696180	0.236309469	supercritical
346.597385	41.0700000	23.4021502	0.0427311162	3137.70843	4892.67537	30.6171124	10.5750988	14.8852645	1745.62112	-0.486001200	10.6798265	0.236538946	supercritical
347.240790	41.0700000	23.3661198	0.0427970074	3144.57934	4902.25243	30.6447185	10.5756003	14.8846690	1746.57043	-0.486262148	10.6900391	0.236768382	supercritical
347.884195	41.0700000	23.3302037	0.0428628919	3151.45014	4911.82911	30.6722723	10.5760922	14.8840692	1747.51976	-0.486522749	10.7002559	0.236997776	supercritical
348.527600	41.0700000	23.2944015	0.0429287697	3158.32083	4921.40540	30.6997741	10.5765745	14.8834653	1748.46910	-0.486783002	10.7104768	0.237227128	supercritical
349.171005	41.0700000	23.2587126	0.0429946410	3165.19140	4930.98130	30.7272241	10.5770473	14.8828572	1749.41844	-0.487042905	10.7207016	0.237456439	supercritical
349.814410	41.0700000	23.2231365	0.0430605057	3172.06184	4940.55681	30.7546224	10.5775109	14.8822452	1750.36779	-0.487302455	10.7309305	0.237685709	supercritical
350.457815	41.0700000	23.1876725	0.0431263639	3178.93216	4950.13192	30.7819692	10.5779651	14.8816291	1751.31713	-0.487561650	10.7411633	0.237914937	supercritical
351.101220	41.0700000	23.1523201	0.0431922155	3185.80235	4959.70664	30.8092648	10.5784103	14.8810093	1752.26647	-0.487820490	10.7514000	0.238144125	supercritical
351.744625	41.0700000	23.1170789	0.0432580606	3192.67241	4969.28095	30.8365092	10.5788464	14.8803856	1753.21579	-0.488078971	10.7616405	0.238373272	supercritical
352.388030	41.0700000	23.0819482	0.0433238992	3199.54232	4978.85487	30.8637027	10.5792736	14.8797581	1754.16510	-0.488337091	10.7718848	0.238602379	supercritical
353.031435	41.0700000	23.0469276	0.0433897315	3206.41210	4988.42837	30.8908455	10.5796920	14.8791271	1755.11439	-0.488594850	10.7821328	0.238831445	supercritical
353.674840	41.0700000	23.0120165	0.0434555572	3213.28174	4998.00148	30.9179376	10.5801016	14.8784924	1756.06366	-0.488852246	10.7923845	0.239060471	supercritical
354.318245	41.0700000	22.9772144	0.0435213766	3220.15123	5007.57417	30.9449794	10.5805026	14.8778542	1757.01290	-0.489109275	10.8026399	0.239289457	supercritical
354.961650	41.0700000	22.9425207	0.0435871896	3227.02057	5017.14645	30.9719710	10.5808951	14.8772125	1757.96210	-0.489365937	10.8128989	0.239518404	supercritical
355.605055	41.0700000	22.9079350	0.0436529963	3233.88975	5026.71831	30.9989125	10.5812792	14.8765675	1758.91127	-0.489622230	10.8231614	0.239747311	supercritical
356.248460	41.0700000	22.8734566	0.0437187967	3240.75878	5036.28976	31.0258041	10.5816549	14.8759191	1759.86041	-0.489878153	10.8334275	0.239976179	supercritical
356.891865	41.0700000	22.8390852	0.0437845907	3247.62765	5045.86079	31.0526460	10.5820224	14.8752675	1760.80950	-0.490133702	10.8436970	0.240205007	supercritical
357.535270	41.0700000	22.8048203	0.0438503785	3254.49636	5055.43140	31.0794385	10.5823818	14.8746127	1761.75854	-0.490388878	10.8539699	0.240433797	supercritical
358.178675	41.0700000	22.7706612	0.0439161600	3261.36490	5065.00159	31.1061815	10.5827331	14.8739548	1762.70753	-0.490643677	10.8642463	0.240662548	supercritical
358.822080	41.0700000	22.7366075	0.0439819354	3268.23327	5074.57136	31.1328754	10.5830764	14.8732939	1763.65647	-0.490898099	10.8745259	0.240891261	supercritical
359.465485	41.0700000	22.7026587	0.0440477045	3275.10147	5084.14069	31.1595203	10.5834120	14.8726299	1764.60535	-0.491152142	10.8848089	0.241119935	supercritical
360.108890	41.0700000	22.6688143	0.0441134674	3281.96950	5093.70961	31.1861163	10.5837397	14.8719631	1765.55417	-0.491405804	10.8950951	0.241348572	supercritical
360.752295	41.0700000	22.6350738	0.0441792242	3288.83735	5103.27809	31.2126637	10.5840598	14.8712934	1766.50292	-0.491659084	10.9053846	0.241577170	supercritical
361.395700	41.0700000	22.6014367	0.0442449749	3295.70501	5112.84613	31.2391625	10.5843723	14.8706208	1767.45161	-0.491911980	10.9156772	0.241805731	supercritical
362.039105	41.0700000	22.5679026	0.0443107195	3302.57250	5122.41375	31.2656131	10.5846773	14.8699456	1768.40022	-0.492164491	10.9259729	0.242034254	supercritical
362.682510	41.0700000	22.5344709	0.0443764580	3309.43980	5131.98093	31.2920154	10.5849749	14.8692677	1769.34876	-0.492416615	10.9362717	0.242262740	supercritical
363.325915	41.0700000	22.5011412	0.0444421904	3316.30691	5141.54767	31.3183698	10.5852653	14.8685871	1770.29722	-0.492668351	10.9465736	0.242491189	supercritical
363.969320	41.0700000	22.4679129	0.0445079168	3323.17383	5151.11397	31.3446763	10.5855483	14.8679041	1771.24560	-0.492919697	10.9568785	0.242719601	supercritical
364.612725	41.0700000	22.4347857	0.0445736372	3330.04056	5160.67984	31.3709352	10.5858243	14.8672185	1772.19389	-0.493170652	10.9671863	0.242947977	supercritical
365.256130	41.0700000	22.4017590	0.0446393517	3336.90709	5170.24526	31.3971465	10.5860932	14.8665305	1773.14209	-0.493421214	10.9774971	0.243176316	supercritical
365.899535	41.0700000	22.3688325	0.0447050601	3343.77342	5179.81024	31.4233105	10.5863552	14.8658402	1774.09020	-0.493671383	10.9878108	0.243404619	supercritical
366.542940	41.0700000	22.3360055	0.0447707627	3350.63955	5189.37477	31.4494274	10.5866103	14.8651476	1775.03821	-0.493921156	10.9981273	0.243632886	supercritical
367.186345	41.0700000	22.3032776	0.0448364593	3357.50547	5198.93886	31.4754972	10.5868586	14.8644527	1775.98613	-0.494170532	11.0084467	0.243861117	supercritical
367.829750	41.0700000	22.2706485	0.0449021501	3364.37119	5208.50250	31.5015201	10.5871002	14.8637556	1776.93394	-0.494419511	11.0187688	0.244089312	supercritical
368.473155	41.0700000	22.2381176	0.0449678349	3371.23671	5218.06569	31.5274964	10.5873352	14.8630564	1777.88165	-0.494668090	11.0290937	0.244317472	supercritical
369.116560	41.0700000	22.2056844	0.0450335140	3378.10201	5227.62842	31.5534261	10.5875637	14.8623551	1778.82924	-0.494916269	11.0394212	0.244545597	supercritical
369.759965	41.0700000	22.1733486	0.0450991872	3384.96709	5237.19071	31.5793094	10.5877857	14.8616518	1779.77673	-0.495164045	11.0497515	0.244773687	supercritical
370.403370	41.0700000	22.1411097	0.0451648546	3391.83197	5246.75255	31.6051465	10.5880013	14.8609466	1780.72410	-0.495411419	11.0600843	0.245001743	supercritical
371.046775	41.0700000	22.1089672	0.0452305163	3398.69662	5256.31393	31.6309375	10.5882107	14.8602394	1781.67136	-0.495658389	11.0704198	0.245229763	supercritical
371.690180	41.0700000	22.0769207	0.0452961722	3405.56106	5265.87485	31.6566826	10.5884138	14.8595304	1782.61849	-0.495904953	11.0807578	0.245457750	supercritical
372.333585	41.0700000	22.0449697	0.0453618223	3412.42528	5275.43532	31.6823820	10.5886109	14.8588196	1783.56550	-0.496151111	11.0910984	0.245685702	supercritical
372.976990	41.0700000	22.0131139	0.0454274668	3419.28927	5284.99533	31.7080358	10.5888018	14.8581071	1784.51239	-0.496396860	11.1014414	0.245913621	supercritical
373.620395	41.0700000	21.9813527	0.0454931056	3426.15303	5294.55488	31.7336441	10.5889868	14.8573929	1785.45914	-0.496642201	11.1117869	0.246141505	supercritical
374.263800	41.0700000	21.9496858	0.0455587387	3433.01657	5304.11397	31.7592071	10.5891659	14.8566770	1786.40577	-0.496887132	11.1221348	0.246369357	supercritical
374.907205	41.0700000	21.9181127	0.0456243662	3439.87988	5313.67260	31.7847250	10.5893392	14.8559596	1787.35225	-0.497131652	11.1324850	0.246597175	supercritical
375.550610	41.0700000	21.8866330	0.0456899880	3446.74296	5323.23077	31.8101979	10.5895068	14.8552406	1788.29860	-0.497375759	11.1428377	0.246824960	supercritical
376.194015	41.0700000	21.8552463	0.0457556043	3453.60580	5332.78847	31.8356260	10.5896687	14.8545202	1789.24481	-0.497619453	11.1531926	0.247052712	supercritical
376.837420	41.0700000	21.8239521	0.0458212150	3460.46841	5342.34571	31.8610094	10.5898250	14.8537984	1790.19088	-0.497862732	11.1635498	0.247280432	supercritical
377.480825	41.0700000	21.7927500	0.0458868202	3467.33078	5351.90249	31.8863482	10.5899758	14.8530752	1791.13680	-0.498105597	11.1739093	0.247508119	supercritical
378.124230	41.0700000	21.7616396	0.0459524198	3474.19292	5361.45880	31.9116427	10.5901212	14.8523506	1792.08257	-0.498348044	11.1842710	0.247735774	supercritical
378.767635	41.0700000	21.7306206	0.0460180139	3481.05481	5371.01464	31.9368929	10.5902612	14.8516248	1793.02818	-0.498590075	11.1946349	0.247963397	supercritical
379.411040	41.0700000	21.6996924	0.0460836025	3487.91646	5380.57002	31.9620991	10.5903959	14.8508978	1793.97365	-0.498831687	11.2050009	0.248190989	supercritical
380.054445	41.0700000	21.6688547	0.0461491857	3494.77787	5390.12492	31.9872612	10.5905254	14.8501696	1794.91895	-0.499072879	11.2153691	0.248418549	supercritical
380.697850	41.0700000	21.6381071	0.0462147634	3501.63903	5399.67936	32.0123797	10.5906498	14.8494403	1795.86410	-0.499313652	11.2257393	0.248646077	supercritical
381.341255	41.0700000	21.6074491	0.0462803357	3508.49994	5409.23333	32.0374544	10.5907690	14.8487099	1796.80909	-0.499554003	11.2361116	0.248873575	supercritical
381.984660	41.0700000	21.5768804	0.0463459026	3515.36061	5418.78683	32.0624857	10.5908833	14.8479785	1797.75391	-0.499793932	11.2464859	0.249101041	supercritical
382.628065	41.0700000	21.5464006	0.0464114642	3522.22103	5428.33986	32.0874735	10.5909927	14.8472461	1798.69856	-0.500033438	11.2568622	0.249328477	supercritical
383.271470	41.0700000	21.5160093	0.0464770203	3529.08119	5437.89242	32.1124182	10.5910971	14.8465128	1799.64304	-0.500272520	11.2672405	0.249555883	supercritical
383.914875	41.0700000	21.4857060	0.0465425712	3535.94110	5447.44450	32.1373198	10.5911968	14.8457786	1800.58736	-0.500511177	11.2776207	0.249783258	supercritical
384.558280	41.0700000	21.4554904	0.0466081167	3542.80076	5456.99611	32.1621785	10.5912918	14.8450436	1801.53149	-0.500749409	11.2880028	0.250010603	supercritical
385.201685	41.0700000	21.4253621	0.0466736569	3549.66016	5466.54725	32.1869944	10.5913820	14.8443078	1802.47545	-0.500987214	11.2983868	0.250237918	supercritical
385.845090	41.0700000	21.3953207	0.0467391918	3556.51931	5476.09792	32.2117677	10.5914677	14.8435712	1803.41923	-0.501224592	11.3087727	0.250465204	supercritical
386.488495	41.0700000	21.3653659	0.0468047215	3563.37819	5485.64811	32.2364984	10.5915489	14.8428339	1804.36283	-0.501461542	11.3191603	0.250692460	supercritical
387.131900	41.0700000	21.3354972	0.0468702460	3570.23682	5495.19782	32.2611868	10.5916256	14.8420960	1805.30625	-0.501698063	11.3295498	0.250919688	supercritical
387.775305	41.0700000	21.3057142	0.0469357652	3577.09519	5504.74706	32.2858329	10.5916979	14.8413575	1806.24948	-0.501934155	11.3399410	0.251146886	supercritical
388.418710	41.0700000	21.2760166	0.0470012793	3583.95329	5514.29583	32.3104370	10.5917659	14.8406184	1807.19252	-0.502169816	11.3503339	0.251374056	supercritical
389.062115	41.0700000	21.2464041	0.0470667881	3590.81113	5523.84412	32.3349992	10.5918296	14.8398787	1808.13536	-0.502405046	11.3607285	0.251601197	supercritical
389.705520	41.0700000	21.2168762	0.0471322919	3597.66871	5533.39193	32.3595195	10.5918891	14.8391386	1809.07802	-0.502639844	11.3711248	0.251828309	supercritical
390.348925	41.0700000	21.1874325	0.0471977904	3604.52602	5542.93927	32.3839981	10.5919445	14.8383980	1810.02048	-0.502874210	11.3815228	0.252055394	supercritical
390.992330	41.0700000	21.1580728	0.0472632839	3611.38306	5552.48613	32.4084352	10.5919958	14.8376571	1810.96274	-0.503108143	11.3919223	0.252282451	supercritical
391.635735	41.0700000	21.1287965	0.0473287723	3618.23984	5562.03252	32.4328310	10.5920431	14.8369158	1811.90481	-0.503341642	11.4023235	0.252509480	supercritical
392.279140	41.0700000	21.0996035	0.0473942556	3625.09635	5571.57842	32.4571854	10.5920864	14.8361741	1812.84667	-0.503574706	11.4127262	0.252736482	supercritical
392.922545	41.0700000	21.0704932	0.0474597339	3631.95258	5581.12385	32.4814987	10.5921258	14.8354322	1813.78833	-0.503807335	11.4231304	0.252963456	supercritical
393.565950	41.0700000	21.0414654	0.0475252071	3638.80855	5590.66881	32.5057711	10.5921614	14.8346901	1814.72978	-0.504039528	11.4335362	0.253190403	supercritical
394.209355	41.0700000	21.0125197	0.0475906753	3645.66425	5600.21328	32.5300025	10.5921932	14.8339477	1815.67102	-0.504271285	11.4439435	0.253417324	supercritical
394.852760	41.0700000	20.9836556	0.0476561385	3652.51967	5609.75728	32.5541933	10.5922213	14.8332052	1816.61206	-0.504502605	11.4543522	0.253644218	supercritical
395.496165	41.0700000	20.9548730	0.0477215967	3659.37482	5619.30080	32.5783434	10.5922458	14.8324626	1817.55288	-0.504733487	11.4647623	0.253871086	supercritical
396.139570	41.0700000	20.9261714	0.0477870500	3666.22970	5628.84384	32.6024531	10.5922666	14.8317199	1818.49348	-0.504963931	11.4751738	0.254097927	supercritical
396.782975	41.0700000	20.8975505	0.0478524984	3673.08430	5638.38640	32.6265225	10.5922839	14.8309772	1819.43387	-0.505193937	11.4855868	0.254324742	supercritical
397.426380	41.0700000	20.8690099	0.0479179418	3679.93862	5647.92849	32.6505516	10.5922978	14.8302345	1820.37405	-0.505423503	11.4960010	0.254551532	supercritical
398.069785	41.0700000	20.8405492	0.0479833803	3686.79267	5657.47010	32.6745407	10.5923082	14.8294918	1821.31400	-0.505652629	11.5064167	0.254778296	supercritical
398.713190	41.0700000	20.8121682	0.0480488140	3693.64644	5667.01123	32.6984898	10.5923152	14.8287491	1822.25373	-0.505881315	11.5168336	0.255005035	supercritical
399.356595	41.0700000	20.7838665	0.0481142428	3700.49993	5676.55188	32.7223992	10.5923189	14.8280066	1823.19324	-0.506109560	11.5272518	0.255231749	supercritical
400.000000	41.0700000	20.7556438	0.0481796667	3707.35314	5686.09205	32.7462688	10.5923194	14.8272643	1824.13252	-0.506337364	11.5376712	0.255458438	supercritical
