Temperature (K)	Pressure (MPa)	Density (kg/m3)	Volume (m3/kg)	Internal Energy (kJ/kg)	Enthalpy (kJ/kg)	Entropy (J/g*K)	Cv (J/g*K)	Cp (J/g*K)	Sound Spd. (m/s)	Joule-Thomson (K/MPa)	Viscosity (uPa*s)	Therm. Cond. (W/m*K)	Phase
13.9570000	1.72000000	78.3693942	0.0127600833	-56.9062945	-34.9589511	-3.29267112	5.19480691	6.84383683	1321.38828	-1.61876698	28.7071906	0.0987776976	liquid
14.6004050	1.72000000	77.8876306	0.0128390091	-52.5964233	-30.5133276	-2.98129610	5.21279020	6.98580619	1310.57676	-1.57667604	26.4921744	0.0999514551	liquid
15.2438100	1.72000000	77.3931879	0.0129210338	-48.1839616	-25.9597834	-2.67612380	5.26090347	7.17402847	1299.31678	-1.52465243	24.5758871	0.101036070	liquid
15.8872150	1.72000000	76.8844425	0.0130065325	-43.6479896	-21.2767537	-2.37525179	5.31861859	7.38577899	1287.80185	-1.46899485	22.8971801	0.102030697	liquid
16.5306200	1.72000000	76.3601341	0.0130958387	-38.9777752	-16.4529326	-2.07763932	5.37706962	7.61058144	1276.02923	-1.41247204	21.4117384	0.102934766	liquid
17.1740250	1.72000000	75.8192319	0.0131892658	-34.1670391	-11.4815020	-1.78263214	5.43306592	7.84424394	1263.92538	-1.35611827	20.0864717	0.103747965	liquid
17.8174300	1.72000000	75.2608261	0.0132871250	-29.2110839	-6.35722896	-1.48973923	5.48595799	8.08565405	1251.40427	-1.30018624	18.8959675	0.104470188	liquid
18.4608350	1.72000000	74.6840464	0.0133897405	-24.1054295	-1.07507586	-1.19853277	5.53607778	8.33512937	1238.38974	-1.24460588	17.8202108	0.105101473	liquid
19.1042400	1.72000000	74.0880021	0.0134974621	-18.8452054	4.37042936	-0.908605863	5.58401238	8.59361417	1224.82109	-1.18918848	16.8430877	0.105641950	liquid
19.7476450	1.72000000	73.4717366	0.0136106760	-13.4248982	9.98546448	-0.619555727	5.63030098	8.86232244	1210.65173	-1.13370815	15.9513796	0.106091774	liquid
20.3910500	1.72000000	72.8341903	0.0137298156	-7.83824569	15.7770371	-0.330976991	5.67533624	9.14261044	1195.84542	-1.07792769	15.1340698	0.106451080	liquid
21.0344550	1.72000000	72.1741681	0.0138553727	-2.07817297	21.7530681	-0.0424579725	5.71935680	9.43596486	1180.37221	-1.02160068	14.3818527	0.106719924	liquid
21.6778600	1.72000000	71.4903068	0.0139879103	3.86328263	27.9224884	0.246423083	5.76247521	9.74404942	1164.20467	-0.964464258	13.6867767	0.106898230	liquid
22.3212650	1.72000000	70.7810389	0.0141280774	9.99508347	34.2953767	0.536103090	5.80471494	10.0687839	1147.31482	-0.906228813	13.0419781	0.106985722	liquid
22.9646700	1.72000000	70.0445513	0.0142766280	16.3273560	40.8831562	0.827041071	5.84604550	10.4124463	1129.67146	-0.846566345	12.4414763	0.106981858	liquid
23.6080750	1.72000000	69.2787334	0.0144344440	22.8716206	47.6988644	1.11972730	5.88641191	10.7778006	1111.23794	-0.785097864	11.8800137	0.106885742	liquid
24.2514800	1.72000000	68.4811133	0.0146025663	29.6411011	54.7575152	1.41469508	5.92575837	11.1682564	1091.97010	-0.721378936	11.3529259	0.106696016	liquid
24.8948850	1.72000000	67.6487741	0.0147822339	36.6511364	62.0765787	1.71253572	5.96404727	11.5880793	1071.81414	-0.654882062	10.8560340	0.106410733	liquid
25.5382900	1.72000000	66.7782455	0.0149749367	43.9197269	69.6766180	2.01391790	6.00127530	12.0426736	1050.70421	-0.584973977	10.3855522	0.106027181	liquid
26.1816950	1.72000000	65.8653576	0.0151824880	51.4682632	77.5821425	2.31961290	6.03748892	12.5389797	1028.55956	-0.510885226	9.93800590	0.105541665	liquid
26.8251000	1.72000000	64.9050430	0.0154071233	59.3225158	85.8227679	2.63052844	6.07280155	13.0860449	1005.28076	-0.431668060	9.51015352	0.104992572	liquid
27.4685050	1.72000000	63.8910607	0.0156516419	67.5140032	94.4348272	2.94775504	6.10741557	13.6958752	980.744665	-0.346136690	9.09890969	0.104355383	liquid
28.1119100	1.72000000	62.8156016	0.0159196119	76.0819313	103.463664	3.27263154	6.14165376	14.3847430	954.797481	-0.252780217	8.70126128	0.103599208	liquid
28.7553150	1.72000000	61.6687098	0.0162156790	85.0760252	112.966993	3.60684079	6.17600712	15.1752707	927.244852	-0.149632180	8.31416885	0.102716957	liquid
29.3987200	1.72000000	60.4374022	0.0165460454	94.5608059	123.020004	3.95255456	6.21121152	16.0998949	897.837429	-0.0340686346	7.93443944	0.101696800	liquid
30.0421250	1.72000000	59.1042751	0.0169192499	104.622321	133.723431	4.31266255	6.24837561	17.2069109	866.249185	0.0975164932	7.55854737	0.100521664	liquid
30.6855300	1.72000000	57.6451905	0.0173475010	115.379272	145.216974	4.69115319	6.28920505	18.5716711	832.043726	0.250257638	7.18235929	0.0991675025	liquid
31.3289350	1.72000000	56.0251950	0.0178491123	127.002545	157.703019	5.09378678	6.33641821	20.3188949	794.619979	0.431788610	6.80067656	0.0976003721	liquid
31.9723400	1.72000000	54.1907650	0.0184533287	139.752207	171.491932	5.52938093	6.39457374	22.6713776	753.120997	0.654088660	6.40640478	0.0957720439	liquid
32.6157450	1.72000000	52.0535907	0.0192109706	154.054690	187.097560	6.01252051	6.47187435	26.0695180	706.275563	0.937293905	5.98889574	0.0936147710	liquid
33.2591500	1.72000000	49.4521847	0.0202215535	170.685688	205.466760	6.57006605	6.58457599	31.5122129	652.127344	1.31837959	5.53025041	0.0910430040	supercritical
33.9025550	1.72000000	46.0459538	0.0217174348	191.279080	228.633068	7.25964552	6.76921979	41.7143666	587.732245	1.87283950	4.99613203	0.0880154251	supercritical
34.5459600	1.72000000	41.0026551	0.0243886645	219.894009	261.842512	8.22935039	7.11393969	64.7705687	511.175643	2.76033546	4.31630886	0.0848199918	supercritical
35.1893650	1.72000000	33.2629715	0.0300634596	262.738975	314.448126	9.73722834	7.62790731	93.7807934	446.211261	4.06553725	3.48403158	0.0793661327	supercritical
35.8327700	1.72000000	26.3975824	0.0378822569	304.606566	369.764048	11.2956033	7.70460202	72.7338301	432.522913	5.12694738	2.93310377	0.0682986270	supercritical
36.4761750	1.72000000	22.5221831	0.0444006691	332.134957	408.504108	12.3677464	7.50327992	49.9981339	438.483583	5.62083732	2.70032450	0.0599934559	supercritical
37.1195800	1.72000000	20.1710453	0.0495760127	351.196931	436.467673	13.1279877	7.30870107	38.1768496	447.257154	5.80456143	2.59203021	0.0551640264	supercritical
37.7629850	1.72000000	18.5410619	0.0539343434	365.956054	458.723124	13.7225734	7.15485507	31.5715692	456.097709	5.84670259	2.53498310	0.0522195501	supercritical
38.4063900	1.72000000	17.3086037	0.0577747354	378.242854	477.615399	14.2187425	7.03510312	27.4432917	464.558982	5.81881904	2.50361712	0.0503070046	supercritical
39.0497950	1.72000000	16.3236194	0.0612609236	388.948194	494.316982	14.6500693	6.94079356	24.6367912	472.595306	5.75376365	2.48705896	0.0490084475	supercritical
39.6932000	1.72000000	15.5063432	0.0644897372	398.561284	509.483632	15.0353419	6.86532334	22.6092512	480.241367	5.66827622	2.47988499	0.0481026140	supercritical
40.3366050	1.72000000	14.8098191	0.0675227695	407.377021	523.516185	15.3860656	6.80397250	21.0769286	487.544235	5.57158393	2.47906472	0.0474626441	supercritical
40.9800100	1.72000000	14.2042300	0.0704015637	415.586073	536.676762	15.7097846	6.75337199	19.8782502	494.547518	5.46906227	2.48275927	0.0470108813	supercritical
41.6234150	1.72000000	13.6695179	0.0731554693	423.318516	549.145923	16.0117144	6.71108637	18.9147935	501.288278	5.36396329	2.48978146	0.0466972195	supercritical
42.2668200	1.72000000	13.1915669	0.0758060061	430.666914	561.053245	16.2956141	6.67532786	18.1232983	507.797253	5.25830235	2.49932715	0.0464879121	supercritical
42.9102250	1.72000000	12.7600761	0.0783694385	437.699413	572.494847	16.5642863	6.64476458	17.4612979	514.099837	5.15334375	2.51083036	0.0463594062	supercritical
43.5536300	1.72000000	12.3673034	0.0808583707	444.467597	583.543995	16.8198799	6.61839075	16.8992456	520.217092	5.04988103	2.52388020	0.0462947584	supercritical
44.1970350	1.72000000	12.0072843	0.0832827788	451.011439	594.257819	17.0640808	6.59543770	16.4159592	526.166610	4.94840543	2.53817056	0.0462814558	supercritical
44.8404400	1.72000000	11.6753275	0.0856507022	457.362532	604.681740	17.2982390	6.57531158	15.9958625	531.963212	4.84921062	2.55346841	0.0463100382	supercritical
45.4838450	1.72000000	11.3676770	0.0879687204	463.546278	614.852477	17.5234539	6.55754920	15.6272495	537.619494	4.75245957	2.56959304	0.0463731939	supercritical
46.1272500	1.72000000	11.0812789	0.0902422917	469.583404	624.800146	17.7406346	6.54178613	15.3011543	543.146247	4.65822815	2.58640209	0.0464651454	supercritical
46.7706550	1.72000000	10.8136167	0.0924759981	475.491050	634.549766	17.9505423	6.52773339	15.0105955	548.552795	4.56653412	2.60378182	0.0465812052	supercritical
47.4140600	1.72000000	10.5625926	0.0946737264	481.283551	644.122361	18.1538223	6.51516022	14.7500562	553.847256	4.47735661	2.62164028	0.0467174211	supercritical
48.0574650	1.72000000	10.3264389	0.0968388047	486.973027	653.535771	18.3510271	6.50388112	14.5151198	559.036745	4.39064942	2.63990232	0.0468702037	supercritical
48.7008700	1.72000000	10.1036527	0.0989741070	492.569817	662.805281	18.5426343	6.49374606	14.3022088	564.127539	4.30635009	2.65850593	0.0470356501	supercritical
49.3442750	1.72000000	9.89294514	0.101082133	498.082819	671.944089	18.7290602	6.48463307	14.1083949	569.125213	4.22438621	2.67739952	0.0472066078	supercritical
49.9876800	1.72000000	9.69320296	0.103165074	503.519751	680.963679	18.9106702	6.47644241	13.9312578	574.034743	4.14467976	2.69653982	0.0473752793	supercritical
50.6310850	1.72000000	9.50345772	0.105224859	508.887354	689.874112	19.0877876	6.46909214	13.7687798	578.860592	4.06715009	2.71589032	0.0476070843	supercritical
51.2744900	1.72000000	9.32286189	0.107263200	514.191556	698.684260	19.2606999	6.46251465	13.6192650	583.606785	3.99171600	2.73541997	0.0478465521	supercritical
51.9178950	1.72000000	9.15066950	0.109281621	519.437601	707.401989	19.4296646	6.45665385	13.4812779	588.276968	3.91829714	2.75510226	0.0480929568	supercritical
52.5613000	1.72000000	8.98622060	0.111281488	524.630153	716.034312	19.5949131	6.45146305	13.3535950	592.874453	3.84681492	2.77491443	0.0483456646	supercritical
53.2047050	1.72000000	8.82892852	0.113264027	529.773386	724.587513	19.7566548	6.44690318	13.2351669	597.402265	3.77719317	2.79483682	0.0486041193	supercritical
53.8481100	1.72000000	8.67826944	0.115230347	534.871050	733.067247	19.9150795	6.44294144	13.1250882	601.863174	3.70935846	2.81485240	0.0488678313	supercritical
54.4915150	1.72000000	8.53377376	0.117181452	539.926532	741.478629	20.0703606	6.43955013	13.0225736	606.259727	3.64324036	2.83494634	0.0491363678	supercritical
55.1349200	1.72000000	8.39501891	0.119118255	544.942902	749.826300	20.2226565	6.43670577	12.9269387	610.594272	3.57877150	2.85510571	0.0494093454	supercritical
55.7783250	1.72000000	8.26162324	0.121041588	549.922957	758.114489	20.3721127	6.43438835	12.8375837	614.868979	3.51588762	2.87531916	0.0496864230	supercritical
56.4217300	1.72000000	8.13324101	0.122952215	554.869254	766.347064	20.5188634	6.43258075	12.7539811	619.085863	3.45452751	2.89557672	0.0499672969	supercritical
57.0651350	1.72000000	8.00955797	0.124850835	559.784137	774.527573	20.6630324	6.43126819	12.6756649	623.246795	3.39463292	2.91586960	0.0502516956	supercritical
57.7085400	1.72000000	7.89028772	0.126738091	564.669765	782.659281	20.8047345	6.43043788	12.6022215	627.353524	3.33614852	2.93619004	0.0505393764	supercritical
58.3519450	1.72000000	7.77516849	0.128614576	569.528133	790.745204	20.9440764	6.43007864	12.5332829	631.407683	3.27902170	2.95653114	0.0508301215	supercritical
58.9953500	1.72000000	7.66396048	0.130480840	574.361086	798.788130	21.0811575	6.43018061	12.4685201	635.410801	3.22320253	2.97688679	0.0511237353	supercritical
59.6387550	1.72000000	7.55644341	0.132337390	579.170341	806.790652	21.2160704	6.43073507	12.4076384	639.364319	3.16864357	2.99725157	0.0514200420	supercritical
60.2821600	1.72000000	7.45241453	0.134184699	583.957497	814.755179	21.3489019	6.43173418	12.3503725	643.269590	3.11529978	3.01762061	0.0517188833	supercritical
60.9255650	1.72000000	7.35168679	0.136023205	588.724046	822.683959	21.4797332	6.43317085	12.2964831	647.127896	3.06312837	3.03798959	0.0520201166	supercritical
61.5689700	1.72000000	7.25408731	0.137853317	593.471388	830.579094	21.6086408	6.43503859	12.2457537	650.940445	3.01208868	3.05835464	0.0523236132	supercritical
62.2123750	1.72000000	7.15945595	0.139675418	598.200835	838.442553	21.7356964	6.43733140	12.1979880	654.708387	2.96214210	3.07871228	0.0526292570	supercritical
62.8557800	1.72000000	7.06764415	0.141489863	602.913620	846.276184	21.8609677	6.44004366	12.1530070	658.432814	2.91325190	3.09905942	0.0529369432	supercritical
63.4991850	1.72000000	6.97851380	0.143296987	607.610909	854.081726	21.9845185	6.44317006	12.1106479	662.114765	2.86538315	3.11939326	0.0532465771	supercritical
64.1425900	1.72000000	6.89193634	0.145097103	612.293799	861.860817	22.1064093	6.44670551	12.0707614	665.755232	2.81850264	3.13971129	0.0535580731	supercritical
64.7859950	1.72000000	6.80779189	0.146890507	616.963332	869.615003	22.2266972	6.45064512	12.0332107	669.355166	2.77257872	3.16001125	0.0538713540	supercritical
65.4294000	1.72000000	6.72596847	0.148677474	621.620492	877.345747	22.3454362	6.45498408	11.9978704	672.915477	2.72758129	3.18029113	0.0541863498	supercritical
66.0728050	1.72000000	6.64636139	0.150458264	626.266217	885.054432	22.4626778	6.45971771	11.9646245	676.437037	2.68348163	3.20054909	0.0545029976	supercritical
66.7162100	1.72000000	6.56887257	0.152233125	630.901396	892.742372	22.5784708	6.46484133	11.9333663	679.920689	2.64025240	3.22078349	0.0548212404	supercritical
67.3596150	1.72000000	6.49341005	0.154002287	635.526878	900.410812	22.6928615	6.47035031	11.9039970	683.367242	2.59786751	3.24099285	0.0551410269	supercritical
68.0030200	1.72000000	6.41988748	0.155765970	640.143471	908.060939	22.8058941	6.47623998	11.8764247	686.777480	2.55630204	3.26117585	0.0554623106	supercritical
68.6464250	1.72000000	6.34822366	0.157524380	644.751947	915.693881	22.9176108	6.48250568	11.8505645	690.152157	2.51553221	3.28133127	0.0557850499	supercritical
69.2898300	1.72000000	6.27834221	0.159277715	649.353045	923.310714	23.0280517	6.48914266	11.8263371	693.492008	2.47553532	3.30145804	0.0561092072	supercritical
69.9332350	1.72000000	6.21017110	0.161026159	653.947471	930.912465	23.1372551	6.49614615	11.8036684	696.797743	2.43628964	3.32155520	0.0564347486	supercritical
70.5766400	1.72000000	6.14364243	0.162769890	658.535902	938.500112	23.2452576	6.50351128	11.7824894	700.070053	2.39777440	3.34162186	0.0567616437	supercritical
71.2200450	1.72000000	6.07869206	0.164509074	663.118989	946.074595	23.3520943	6.51123312	11.7627355	703.309609	2.35996971	3.36165724	0.0570898654	supercritical
71.8634500	1.72000000	6.01525938	0.166243870	667.697354	953.636811	23.4577987	6.51930665	11.7443459	706.517065	2.32285654	3.38166066	0.0574193891	supercritical
72.5068550	1.72000000	5.95328702	0.167974431	672.271596	961.187617	23.5624028	6.52772676	11.7272636	709.693059	2.28641664	3.40163147	0.0577501931	supercritical
73.1502600	1.72000000	5.89272067	0.169700900	676.842292	968.727840	23.6659374	6.53648827	11.7114350	712.838214	2.25063252	3.42156912	0.0580822578	supercritical
73.7936650	1.72000000	5.83350884	0.171423414	681.409995	976.258267	23.7684321	6.54558588	11.6968094	715.953137	2.21548739	3.44147310	0.0584155658	supercritical
74.4370700	1.72000000	5.77560268	0.173142104	685.975240	983.779659	23.8699150	6.55501421	11.6833391	719.038423	2.18096514	3.46134299	0.0587501016	supercritical
75.0804750	1.72000000	5.71895581	0.174857095	690.538539	991.292743	23.9704134	6.56476780	11.6709789	722.094654	2.14705029	3.48117838	0.0590858515	supercritical
75.7238800	1.72000000	5.66352416	0.176568506	695.100390	998.798220	24.0699533	6.57484110	11.6596860	725.122400	2.11372797	3.50097894	0.0594228031	supercritical
76.3672850	1.72000000	5.60926581	0.178276451	699.661268	1006.29676	24.1685599	6.58522846	11.6494197	728.122219	2.08098386	3.52074435	0.0597609456	supercritical
77.0106900	1.72000000	5.55614087	0.179981038	704.221636	1013.78902	24.2662572	6.59592416	11.6401415	731.094658	2.04880420	3.54047436	0.0601002695	supercritical
77.6540950	1.72000000	5.50411132	0.181682372	708.781938	1021.27562	24.3630684	6.60692242	11.6318146	734.040256	2.01717571	3.56016875	0.0604407663	supercritical
78.2975000	1.72000000	5.45314097	0.183380552	713.342604	1028.75715	24.4590159	6.61821735	11.6244041	736.959539	1.98608563	3.57982731	0.0607824284	supercritical
78.9409050	1.72000000	5.40319526	0.185075673	717.904049	1036.23421	24.5541211	6.62980302	11.6178766	739.853026	1.95552163	3.59944989	0.0611252493	supercritical
79.5843100	1.72000000	5.35424121	0.186767828	722.466672	1043.70734	24.6484048	6.64167343	11.6122003	742.721224	1.92547181	3.61903635	0.0614692231	supercritical
80.2277150	1.72000000	5.30624734	0.188457103	727.030862	1051.17708	24.7418870	6.65382254	11.6073447	745.564635	1.89592471	3.63858658	0.0618143445	supercritical
80.8711200	1.72000000	5.25918355	0.190143582	731.596991	1058.64395	24.8345868	6.66624421	11.6032806	748.383748	1.86686922	3.65810050	0.0621606090	supercritical
81.5145250	1.72000000	5.21302106	0.191827347	736.165423	1066.10846	24.9265228	6.67893232	11.5999801	751.179046	1.83829464	3.67757804	0.0625080125	supercritical
82.1579300	1.72000000	5.16773234	0.193508474	740.736506	1073.57108	25.0177130	6.69188066	11.5974164	753.951005	1.81019060	3.69701916	0.0628565512	supercritical
82.8013350	1.72000000	5.12329101	0.195187039	745.310577	1081.03228	25.1081746	6.70508302	11.5955637	756.700091	1.78254705	3.71642383	0.0632062218	supercritical
83.4447400	1.72000000	5.07967181	0.196863112	749.887963	1088.49252	25.1979244	6.71853313	11.5943973	759.426762	1.75535430	3.73579204	0.0635570212	supercritical
84.0881450	1.72000000	5.03685055	0.198536762	754.468981	1095.95221	25.2869783	6.73222472	11.5938933	762.131470	1.72860292	3.75512380	0.0639089465	supercritical
84.7315500	1.72000000	4.99480400	0.200208056	759.053934	1103.41179	25.3753521	6.74615151	11.5940288	764.814658	1.70228379	3.77441913	0.0642619950	supercritical
85.3749550	1.72000000	4.95350988	0.201877058	763.643118	1110.87166	25.4630607	6.76030719	11.5947818	767.476762	1.67638806	3.79367806	0.0646161640	supercritical
86.0183600	1.72000000	4.91294682	0.203543827	768.236817	1118.33220	25.5501186	6.77468546	11.5961310	770.118211	1.65090712	3.81290064	0.0649714510	supercritical
86.6617650	1.72000000	4.87309427	0.205208425	772.835306	1125.79380	25.6365401	6.78928002	11.5980557	772.739427	1.62583266	3.83208693	0.0653278534	supercritical
87.3051700	1.72000000	4.83393249	0.206870907	777.438853	1133.25681	25.7223385	6.80408456	11.6005361	775.340823	1.60115654	3.85123700	0.0656853686	supercritical
87.9485750	1.72000000	4.79544252	0.208531329	782.047713	1140.72160	25.8075272	6.81909282	11.6035530	777.922808	1.57687090	3.87035091	0.0660439940	supercritical
88.5919800	1.72000000	4.75760609	0.210189743	786.662134	1148.18849	25.8921188	6.83429852	11.6070879	780.485780	1.55296808	3.88942877	0.0664037267	supercritical
89.2353850	1.72000000	4.72040564	0.211846201	791.282357	1155.65782	25.9761257	6.84969541	11.6111228	783.030132	1.52944060	3.90847066	0.0667645640	supercritical
89.8787900	1.72000000	4.68382427	0.213500751	795.908613	1163.12990	26.0595598	6.86527728	11.6156403	785.556252	1.50628123	3.92747668	0.0671265025	supercritical
90.5221950	1.72000000	4.64784570	0.215153442	800.541124	1170.60504	26.1424326	6.88103795	11.6206236	788.064519	1.48348288	3.94644694	0.0674895392	supercritical
91.1656000	1.72000000	4.61245422	0.216804320	805.180106	1178.08354	26.2247554	6.89697127	11.6260564	790.555303	1.46103867	3.96538156	0.0678536704	supercritical
91.8090050	1.72000000	4.57763473	0.218453428	809.825767	1185.56566	26.3065389	6.91307113	11.6319229	793.028972	1.43894188	3.98428065	0.0682188925	supercritical
92.4524100	1.72000000	4.54337264	0.220100810	814.478306	1193.05170	26.3877938	6.92933146	11.6382077	795.485884	1.41718597	4.00314435	0.0685852015	supercritical
93.0958150	1.72000000	4.50965387	0.221746508	819.137917	1200.54191	26.4685301	6.94574625	11.6448960	797.926391	1.39576454	4.02197278	0.0689525929	supercritical
93.7392200	1.72000000	4.47646487	0.223390562	823.804786	1208.03655	26.5487577	6.96230953	11.6519733	800.350839	1.37467137	4.04076608	0.0693210624	supercritical
94.3826250	1.72000000	4.44379250	0.225033009	828.479092	1215.53587	26.6284863	6.97901541	11.6594257	802.759566	1.35390036	4.05952439	0.0696906050	supercritical
95.0260300	1.72000000	4.41162413	0.226673889	833.161006	1223.04010	26.7077250	6.99585803	11.6672394	805.152904	1.33344558	4.07824785	0.0700612154	supercritical
95.6694350	1.72000000	4.37994752	0.228313238	837.850694	1230.54946	26.7864830	7.01283161	11.6754014	807.531180	1.31330121	4.09693660	0.0704328882	supercritical
96.3128400	1.72000000	4.34875086	0.229951090	842.548316	1238.06419	26.8647689	7.02993042	11.6838988	809.894713	1.29346158	4.11559080	0.0708056175	supercritical
96.9562450	1.72000000	4.31802272	0.231587480	847.254024	1245.58449	26.9425912	7.04714881	11.6927192	812.243816	1.27392114	4.13421059	0.0711793971	supercritical
97.5996500	1.72000000	4.28775205	0.233222441	851.967966	1253.11057	27.0199582	7.06448120	11.7018503	814.578795	1.25467447	4.15279614	0.0715542203	supercritical
98.2430550	1.72000000	4.25792816	0.234856006	856.690282	1260.64261	27.0968778	7.08192208	11.7112804	816.899951	1.23571626	4.17134759	0.0719300802	supercritical
98.8864600	1.72000000	4.22854071	0.236488204	861.421108	1268.18082	27.1733578	7.09946601	11.7209982	819.207577	1.21704132	4.18986512	0.0723069696	supercritical
99.5298650	1.72000000	4.19957969	0.238119068	866.160573	1275.72537	27.2494057	7.11710762	11.7309924	821.501962	1.19864458	4.20834887	0.0726848809	supercritical
100.173270	1.72000000	4.17103540	0.239748624	870.908801	1283.27643	27.3250288	7.13484165	11.7412522	823.783387	1.18052105	4.22679901	0.0730638058	supercritical
100.816675	1.72000000	4.14289845	0.241376903	875.665911	1290.83418	27.4002343	7.15266289	11.7517672	826.052129	1.16266588	4.24521570	0.0734437362	supercritical
101.460080	1.72000000	4.11515975	0.243003932	880.432016	1298.39878	27.4750290	7.17056622	11.7625270	828.308456	1.14507429	4.26359911	0.0738246632	supercritical
102.103485	1.72000000	4.08781047	0.244629737	885.207224	1305.97037	27.5494196	7.18854660	11.7735217	830.552634	1.12774161	4.28194941	0.0742065778	supercritical
102.746890	1.72000000	4.06084206	0.246254345	889.991639	1313.54911	27.6234128	7.20659909	11.7847417	832.784919	1.11066328	4.30026677	0.0745894704	supercritical
103.390295	1.72000000	4.03424623	0.247877780	894.785360	1321.13514	27.6970147	7.22471881	11.7961776	835.005565	1.09383481	4.31855134	0.0749733313	supercritical
104.033700	1.72000000	4.00801495	0.249500068	899.588480	1328.72860	27.7702317	7.24290098	11.8078201	837.214818	1.07725181	4.33680330	0.0753581503	supercritical
104.677105	1.72000000	3.98214040	0.251121231	904.401088	1336.32961	27.8430696	7.26114092	11.8196604	839.412920	1.06090997	4.35502282	0.0757439169	supercritical
105.320510	1.72000000	3.95661502	0.252741294	909.223268	1343.93829	27.9155343	7.27943401	11.8316898	841.600105	1.04480508	4.37321007	0.0761306201	supercritical
105.963915	1.72000000	3.93143146	0.254360278	914.055102	1351.55478	27.9876315	7.29777573	11.8438999	843.776604	1.02893300	4.39136522	0.0765182490	supercritical
106.607320	1.72000000	3.90658257	0.255978206	918.896665	1359.17918	28.0593667	7.31616166	11.8562825	845.942642	1.01328968	4.40948843	0.0769067918	supercritical
107.250725	1.72000000	3.88206143	0.257595099	923.748028	1366.81160	28.1307452	7.33458746	11.8688297	848.098438	0.997871140	4.42757989	0.0772962368	supercritical
107.894130	1.72000000	3.85786130	0.259210978	928.609260	1374.45214	28.2017724	7.35304886	11.8815336	850.244207	0.982673477	4.44563976	0.0776865719	supercritical
108.537535	1.72000000	3.83397563	0.260825862	933.480424	1382.10091	28.2724532	7.37154172	11.8943868	852.380158	0.967692869	4.46366821	0.0780777847	supercritical
109.180940	1.72000000	3.81039806	0.262439772	938.361580	1389.75799	28.3427926	7.39006195	11.9073818	854.506496	0.952925564	4.48166540	0.0784698623	supercritical
109.824345	1.72000000	3.78712242	0.264052726	943.252785	1397.42347	28.4127955	7.40860556	11.9205117	856.623419	0.938367882	4.49963153	0.0788627917	supercritical
110.467750	1.72000000	3.76414268	0.265664744	948.154090	1405.09745	28.4824666	7.42716867	11.9337694	858.731122	0.924016211	4.51756674	0.0792565597	supercritical
111.111155	1.72000000	3.74145299	0.267275842	953.065545	1412.77999	28.5518104	7.44574745	11.9471483	860.829796	0.909867010	4.53547121	0.0796511528	supercritical
111.754560	1.72000000	3.71904767	0.268886040	957.987196	1420.47118	28.6208314	7.46433820	11.9606417	862.919625	0.895916803	4.55334512	0.0800465570	supercritical
112.397965	1.72000000	3.69692118	0.270495353	962.919084	1428.17109	28.6895340	7.48293727	11.9742434	865.000790	0.882162179	4.57118863	0.0804427584	supercritical
113.041370	1.72000000	3.67506813	0.272103799	967.861248	1435.87978	28.7579223	7.50154112	11.9879471	867.073467	0.868599790	4.58900191	0.0808397426	supercritical
113.684775	1.72000000	3.65348327	0.273711394	972.813724	1443.59732	28.8260005	7.52014628	12.0017468	869.137827	0.855226353	4.60678512	0.0812374952	supercritical
114.328180	1.72000000	3.63216150	0.275318154	977.776544	1451.32377	28.8937726	7.53874939	12.0156367	871.194039	0.842038644	4.62453845	0.0816360013	supercritical
114.971585	1.72000000	3.61109784	0.276924095	982.749738	1459.05918	28.9612426	7.55734715	12.0296111	873.242264	0.829033499	4.64226204	0.0820352461	supercritical
115.614990	1.72000000	3.59028744	0.278529231	987.733333	1466.80361	29.0284143	7.57593635	12.0436645	875.282664	0.816207813	4.65995607	0.0824352145	supercritical
116.258395	1.72000000	3.56972559	0.280133577	992.727352	1474.55710	29.0952914	7.59451388	12.0577915	877.315392	0.803558539	4.67762071	0.0828358911	supercritical
116.901800	1.72000000	3.54940769	0.281737148	997.731817	1482.31971	29.1618776	7.61307668	12.0719870	879.340599	0.791082684	4.69525612	0.0832372605	supercritical
117.545205	1.72000000	3.52932925	0.283339958	1002.74674	1490.09147	29.2281764	7.63162181	12.0862459	881.358433	0.778777313	4.71286247	0.0836393071	supercritical
118.188610	1.72000000	3.50948590	0.284942020	1007.77215	1497.87243	29.2941913	7.65014639	12.1005633	883.369038	0.766639543	4.73043992	0.0840420150	supercritical
118.832015	1.72000000	3.48987338	0.286543348	1012.80805	1505.66261	29.3599256	7.66864761	12.1149344	885.372552	0.754666544	4.74798863	0.0844453684	supercritical
119.475420	1.72000000	3.47048753	0.288143954	1017.85445	1513.46206	29.4253827	7.68712275	12.1293546	887.369113	0.742855538	4.76550876	0.0848493512	supercritical
120.118825	1.72000000	3.45132431	0.289743852	1022.91137	1521.27079	29.4905659	7.70556918	12.1438195	889.358853	0.731203800	4.78300048	0.0852539472	supercritical
120.762230	1.72000000	3.43237975	0.291343054	1027.97880	1529.08885	29.5554782	7.72398432	12.1583247	891.341901	0.719708652	4.80046395	0.0856591403	supercritical
121.405635	1.72000000	3.41365000	0.292941572	1033.05675	1536.91626	29.6201228	7.74236570	12.1728659	893.318382	0.708367466	4.81789932	0.0860649141	supercritical
122.049040	1.72000000	3.39513130	0.294539418	1038.14522	1544.75302	29.6845026	7.76071088	12.1874392	895.288420	0.697177663	4.83530676	0.0864712521	supercritical
122.692445	1.72000000	3.37681998	0.296136604	1043.24422	1552.59918	29.7486206	7.77901753	12.2020404	897.252134	0.686136710	4.85268643	0.0868781378	supercritical
123.335850	1.72000000	3.35871244	0.297733140	1048.35374	1560.45474	29.8124797	7.79728337	12.2166658	899.209639	0.675242120	4.87003848	0.0872855547	supercritical
123.979255	1.72000000	3.34080518	0.299329038	1053.47377	1568.31971	29.8760827	7.81550621	12.2313117	901.161050	0.664491452	4.88736306	0.0876934862	supercritical
124.622660	1.72000000	3.32309478	0.300924309	1058.60430	1576.19412	29.9394323	7.83368392	12.2459744	903.106476	0.653882310	4.90466034	0.0881019156	supercritical
125.266065	1.72000000	3.30557791	0.302518963	1063.74534	1584.07796	30.0025312	7.85181443	12.2606504	905.046025	0.643412340	4.92193047	0.0885108262	supercritical
125.909470	1.72000000	3.28825130	0.304113010	1068.89687	1591.97124	30.0653821	7.86989575	12.2753364	906.979800	0.633079233	4.93917360	0.0889202013	supercritical
126.552875	1.72000000	3.27111176	0.305706461	1074.05887	1599.87398	30.1279875	7.88792594	12.2900290	908.907904	0.622880721	4.95638989	0.0893300243	supercritical
127.196280	1.72000000	3.25415619	0.307299325	1079.23134	1607.78618	30.1903499	7.90590315	12.3047251	910.830436	0.612814576	4.97357948	0.0897402783	supercritical
127.839685	1.72000000	3.23738152	0.308891613	1084.41425	1615.70783	30.2524718	7.92382558	12.3194216	912.747492	0.602878612	4.99074253	0.0901509467	supercritical
128.483090	1.72000000	3.22078481	0.310483333	1089.60760	1623.63893	30.3143556	7.94169148	12.3341155	914.659166	0.593070684	5.00787919	0.0905620128	supercritical
129.126495	1.72000000	3.20436312	0.312074494	1094.81136	1631.57949	30.3760037	7.95949919	12.3488040	916.565549	0.583388683	5.02498960	0.0909734599	supercritical
129.769900	1.72000000	3.18811362	0.313665107	1100.02551	1639.52949	30.4374184	7.97724708	12.3634842	918.466730	0.573830541	5.04207392	0.0913852714	supercritical
130.413305	1.72000000	3.17203354	0.315255179	1105.25003	1647.48894	30.4986019	7.99493359	12.3781534	920.362796	0.564394226	5.05913229	0.0917974307	supercritical
131.056710	1.72000000	3.15612014	0.316844719	1110.48491	1655.45782	30.5595564	8.01255723	12.3928091	922.253831	0.555077744	5.07616486	0.0922099212	supercritical
131.700115	1.72000000	3.14037078	0.318433736	1115.73010	1663.43613	30.6202842	8.03011655	12.4074487	924.139917	0.545879135	5.09317178	0.0926227264	supercritical
132.343520	1.72000000	3.12478285	0.320022238	1120.98560	1671.42385	30.6807873	8.04761016	12.4220697	926.021134	0.536796478	5.11015318	0.0930358300	supercritical
132.986925	1.72000000	3.10935380	0.321610233	1126.25137	1679.42097	30.7410679	8.06503673	12.4366699	927.897559	0.527827885	5.12710921	0.0934492155	supercritical
133.630330	1.72000000	3.09408115	0.323197729	1131.52738	1687.42747	30.8011279	8.08239498	12.4512470	929.769270	0.518971501	5.14404001	0.0938628667	supercritical
134.273735	1.72000000	3.07896245	0.324784734	1136.81361	1695.44335	30.8609694	8.09968367	12.4657987	931.636338	0.510225507	5.16094573	0.0942767674	supercritical
134.917140	1.72000000	3.06399533	0.326371255	1142.11003	1703.46858	30.9205943	8.11690163	12.4803230	933.498837	0.501588116	5.17782650	0.0946909015	supercritical
135.560545	1.72000000	3.04917744	0.327957300	1147.41660	1711.50315	30.9800046	8.13404772	12.4948177	935.356835	0.493057574	5.19468246	0.0951052531	supercritical
136.203950	1.72000000	3.03450651	0.329542876	1152.73329	1719.54703	31.0392021	8.15112086	12.5092810	937.210401	0.484632157	5.21151376	0.0955198061	supercritical
136.847355	1.72000000	3.01998028	0.331127990	1158.06007	1727.60021	31.0981888	8.16812002	12.5237109	939.059601	0.476310174	5.22832052	0.0959345449	supercritical
137.490760	1.72000000	3.00559658	0.332712649	1163.39691	1735.66266	31.1569663	8.18504421	12.5381056	940.904500	0.468089965	5.24510290	0.0963494538	supercritical
138.134165	1.72000000	2.99135324	0.334296861	1168.74376	1743.73436	31.2155366	8.20189248	12.5524633	942.745161	0.459969898	5.26186101	0.0967645172	supercritical
138.777570	1.72000000	2.97724818	0.335880632	1174.10060	1751.81529	31.2739013	8.21866394	12.5667824	944.581644	0.451948372	5.27859500	0.0971797197	supercritical
139.420975	1.72000000	2.96327933	0.337463968	1179.46739	1759.90542	31.3320622	8.23535771	12.5810611	946.414010	0.444023814	5.29530499	0.0975950461	supercritical
140.064380	1.72000000	2.94944467	0.339046875	1184.84409	1768.00472	31.3900209	8.25197300	12.5952980	948.242316	0.436194682	5.31199113	0.0980104811	supercritical
140.707785	1.72000000	2.93574223	0.340629362	1190.23066	1776.11316	31.4477792	8.26850901	12.6094915	950.066619	0.428459458	5.32865355	0.0984260099	supercritical
141.351190	1.72000000	2.92217006	0.342211432	1195.62706	1784.23073	31.5053386	8.28496502	12.6236401	951.886974	0.420816655	5.34529236	0.0988416175	supercritical
141.994595	1.72000000	2.90872627	0.343793093	1201.03326	1792.35738	31.5627008	8.30134033	12.6377425	953.703435	0.413264810	5.36190771	0.0992572892	supercritical
142.638000	1.72000000	2.89540899	0.345374351	1206.44921	1800.49309	31.6198672	8.31763427	12.6517972	955.516054	0.405802488	5.37849972	0.0996730105	supercritical
143.281405	1.72000000	2.88221641	0.346955210	1211.87486	1808.63783	31.6768396	8.33384623	12.6658031	957.324881	0.398428280	5.39506853	0.100088767	supercritical
143.924810	1.72000000	2.86914672	0.348535678	1217.31019	1816.79156	31.7336193	8.34997561	12.6797588	959.129967	0.391140801	5.41161424	0.100504544	supercritical
144.568215	1.72000000	2.85619819	0.350115760	1222.75515	1824.95426	31.7902079	8.36602186	12.6936632	960.931361	0.383938693	5.42813701	0.100920329	supercritical
145.211620	1.72000000	2.84336908	0.351695461	1228.20969	1833.12588	31.8466068	8.38198446	12.7075152	962.729108	0.376820619	5.44463694	0.101336106	supercritical
145.855025	1.72000000	2.83065772	0.353274786	1233.67377	1841.30640	31.9028175	8.39786293	12.7213136	964.523255	0.369785271	5.46111416	0.101751862	supercritical
146.498430	1.72000000	2.81806244	0.354853742	1239.14735	1849.49578	31.9588414	8.41365680	12.7350574	966.313847	0.362831360	5.47756880	0.102167584	supercritical
147.141835	1.72000000	2.80558162	0.356432332	1244.63038	1857.69399	32.0146799	8.42936565	12.7487456	968.100928	0.355957622	5.49400098	0.102583259	supercritical
147.785240	1.72000000	2.79321367	0.358010563	1250.12282	1865.90098	32.0703344	8.44498910	12.7623773	969.884539	0.349162816	5.51041081	0.102998872	supercritical
148.428645	1.72000000	2.78095704	0.359588439	1255.62462	1874.11673	32.1258062	8.46052676	12.7759515	971.664723	0.342445723	5.52679843	0.103414412	supercritical
149.072050	1.72000000	2.76881017	0.361165966	1261.13573	1882.34119	32.1810966	8.47597832	12.7894673	973.441521	0.335805145	5.54316394	0.103829864	supercritical
149.715455	1.72000000	2.75677158	0.362743147	1266.65612	1890.57433	32.2362070	8.49134345	12.8029241	975.214971	0.329239906	5.55950748	0.104245218	supercritical
150.358860	1.72000000	2.74483979	0.364319988	1272.18573	1898.81611	32.2911387	8.50662187	12.8163208	976.985112	0.322748851	5.57582914	0.104660459	supercritical
151.002265	1.72000000	2.73301334	0.365896494	1277.72452	1907.06649	32.3458928	8.52181334	12.8296569	978.751981	0.316330847	5.59212907	0.105075576	supercritical
151.645670	1.72000000	2.72129082	0.367472669	1283.27244	1915.32543	32.4004708	8.53691761	12.8429315	980.515616	0.309984778	5.60840736	0.105490556	supercritical
152.289075	1.72000000	2.70967082	0.369048517	1288.82944	1923.59289	32.4548737	8.55193449	12.8561440	982.276052	0.303709550	5.62466413	0.105905388	supercritical
152.932480	1.72000000	2.69815199	0.370624044	1294.39548	1931.86883	32.5091028	8.56686378	12.8692937	984.033324	0.297504088	5.64089951	0.106320060	supercritical
153.575885	1.72000000	2.68673296	0.372199252	1299.97050	1940.15321	32.5631593	8.58170533	12.8823801	985.787466	0.291367338	5.65711359	0.106734560	supercritical
154.219290	1.72000000	2.67541243	0.373774147	1305.55446	1948.44599	32.6170445	8.59645900	12.8954025	987.538512	0.285298260	5.67330650	0.107148878	supercritical
154.862695	1.72000000	2.66418909	0.375348733	1311.14731	1956.74713	32.6707593	8.61112468	12.9083605	989.286493	0.279295838	5.68947835	0.107563001	supercritical
155.506100	1.72000000	2.65306167	0.376923014	1316.74900	1965.05659	32.7243051	8.62570227	12.9212534	991.031442	0.273359070	5.70562925	0.107976919	supercritical
156.149505	1.72000000	2.64202891	0.378496994	1322.35949	1973.37432	32.7776828	8.64019169	12.9340808	992.773389	0.267486972	5.72175930	0.108390620	supercritical
156.792910	1.72000000	2.63108959	0.380070676	1327.97871	1981.70028	32.8308937	8.65459290	12.9468423	994.512365	0.261678581	5.73786862	0.108804096	supercritical
157.436315	1.72000000	2.62024250	0.381644066	1333.60663	1990.03443	32.8839388	8.66890584	12.9595374	996.248399	0.255932946	5.75395731	0.109217334	supercritical
158.079720	1.72000000	2.60948645	0.383217166	1339.24320	1998.37672	32.9368192	8.68313052	12.9721656	997.981520	0.250249136	5.77002549	0.109630325	supercritical
158.723125	1.72000000	2.59882027	0.384789980	1344.88836	2006.72713	32.9895359	8.69726692	12.9847268	999.711757	0.244626235	5.78607326	0.110043059	supercritical
159.366530	1.72000000	2.58824283	0.386362512	1350.54207	2015.08559	33.0420901	8.71131506	12.9972203	1001.43914	0.239063345	5.80210073	0.110455526	supercritical
160.009935	1.72000000	2.57775298	0.387934766	1356.20427	2023.45206	33.0944828	8.72527498	13.0096461	1003.16369	0.233559580	5.81810800	0.110867716	supercritical
160.653340	1.72000000	2.56734964	0.389506745	1361.87491	2031.82651	33.1467149	8.73914673	13.0220036	1004.88543	0.228114073	5.83409517	0.111279619	supercritical
161.296745	1.72000000	2.55703170	0.391078453	1367.55395	2040.20889	33.1987875	8.75293038	13.0342928	1006.60440	0.222725971	5.85006235	0.111691227	supercritical
161.940150	1.72000000	2.54679810	0.392649893	1373.24134	2048.59916	33.2507015	8.76662600	13.0465132	1008.32061	0.217394435	5.86600965	0.112102531	supercritical
162.583555	1.72000000	2.53664778	0.394221069	1378.93702	2056.99726	33.3024581	8.78023368	13.0586647	1010.03410	0.212118641	5.88193716	0.112513521	supercritical
163.226960	1.72000000	2.52657972	0.395791984	1384.64095	2065.40316	33.3540581	8.79375355	13.0707471	1011.74488	0.206897781	5.89784499	0.112924188	supercritical
163.870365	1.72000000	2.51659290	0.397362641	1390.35307	2073.81682	33.4055024	8.80718571	13.0827602	1013.45298	0.201731059	5.91373323	0.113334525	supercritical
164.513770	1.72000000	2.50668632	0.398933043	1396.07334	2082.23817	33.4567922	8.82053031	13.0947037	1015.15842	0.196617694	5.92960200	0.113744522	supercritical
165.157175	1.72000000	2.49685899	0.400503194	1401.80170	2090.66720	33.5079282	8.83378749	13.1065776	1016.86123	0.191556917	5.94545138	0.114154172	supercritical
165.800580	1.72000000	2.48710995	0.402073097	1407.53811	2099.10384	33.5589114	8.84695742	13.1183816	1018.56143	0.186547974	5.96128147	0.114563467	supercritical
166.443985	1.72000000	2.47743825	0.403642754	1413.28251	2107.54805	33.6097428	8.86004027	13.1301158	1020.25903	0.181590122	5.97709238	0.114972398	supercritical
167.087390	1.72000000	2.46784296	0.405212170	1419.03485	2115.99978	33.6604231	8.87303621	13.1417799	1021.95407	0.176682634	5.99288419	0.115380959	supercritical
167.730795	1.72000000	2.45832315	0.406781346	1424.79509	2124.45900	33.7109534	8.88594544	13.1533739	1023.64655	0.171824792	6.00865701	0.115789141	supercritical
168.374200	1.72000000	2.44887792	0.408350286	1430.56317	2132.92566	33.7613345	8.89876818	13.1648977	1025.33650	0.167015892	6.02441093	0.116196937	supercritical
169.017605	1.72000000	2.43950638	0.409918993	1436.33904	2141.39971	33.8115672	8.91150462	13.1763513	1027.02395	0.162255242	6.04014605	0.116604341	supercritical
169.661010	1.72000000	2.43020766	0.411487469	1442.12266	2149.88111	33.8616525	8.92415499	13.1877346	1028.70891	0.157542162	6.05586246	0.117011345	supercritical
170.304415	1.72000000	2.42098089	0.413055718	1447.91397	2158.36981	33.9115911	8.93671954	13.1990477	1030.39139	0.152875983	6.07156025	0.117417942	supercritical
170.947820	1.72000000	2.41182523	0.414623741	1453.71292	2166.86576	33.9613840	8.94919849	13.2102904	1032.07143	0.148256048	6.08723952	0.117824126	supercritical
171.591225	1.72000000	2.40273984	0.416191542	1459.51947	2175.36892	34.0110319	8.96159210	13.2214628	1033.74903	0.143681709	6.10290036	0.118229891	supercritical
172.234630	1.72000000	2.39372390	0.417759123	1465.33356	2183.87925	34.0605357	8.97390064	13.2325650	1035.42421	0.139152333	6.11854286	0.118635229	supercritical
172.878035	1.72000000	2.38477661	0.419326488	1471.15515	2192.39671	34.1098961	8.98612435	13.2435969	1037.09700	0.134667294	6.13416710	0.119040136	supercritical
173.521440	1.72000000	2.37589716	0.420893638	1476.98418	2200.92123	34.1591141	8.99826352	13.2545586	1038.76740	0.130225978	6.14977319	0.119444604	supercritical
174.164845	1.72000000	2.36708478	0.422460576	1482.82060	2209.45279	34.2081903	9.01031844	13.2654501	1040.43544	0.125827782	6.16536121	0.119848628	supercritical
174.808250	1.72000000	2.35833870	0.424027304	1488.66437	2217.99133	34.2571256	9.02228938	13.2762716	1042.10114	0.121472112	6.18093124	0.120252203	supercritical
175.451655	1.72000000	2.34965815	0.425593826	1494.51543	2226.53681	34.3059207	9.03417664	13.2870230	1043.76450	0.117158385	6.19648339	0.120655323	supercritical
176.095060	1.72000000	2.34104239	0.427160143	1500.37375	2235.08919	34.3545765	9.04598052	13.2977045	1045.42555	0.112886027	6.21201772	0.121057983	supercritical
176.738465	1.72000000	2.33249068	0.428726257	1506.23926	2243.64842	34.4030936	9.05770133	13.3083162	1047.08431	0.108654473	6.22753434	0.121460177	supercritical
177.381870	1.72000000	2.32400231	0.430292172	1512.11191	2252.21445	34.4514728	9.06933939	13.3188581	1048.74077	0.104463168	6.24303332	0.121861900	supercritical
178.025275	1.72000000	2.31557655	0.431857890	1517.99167	2260.78724	34.4997150	9.08089501	13.3293305	1050.39497	0.100311568	6.25851476	0.122263148	supercritical
178.668680	1.72000000	2.30721270	0.433423412	1523.87848	2269.36675	34.5478207	9.09236850	13.3397334	1052.04692	0.0961991347	6.27397873	0.122663916	supercritical
179.312085	1.72000000	2.29891008	0.434988741	1529.77230	2277.95293	34.5957908	9.10376021	13.3500669	1053.69663	0.0921253414	6.28942533	0.123064198	supercritical
179.955490	1.72000000	2.29066800	0.436553879	1535.67306	2286.54574	34.6436260	9.11507047	13.3603312	1055.34411	0.0880896687	6.30485463	0.123463991	supercritical
180.598895	1.72000000	2.28248579	0.438118828	1541.58074	2295.14512	34.6913270	9.12629961	13.3705265	1056.98939	0.0840916064	6.32026671	0.123863291	supercritical
181.242300	1.72000000	2.27436279	0.439683591	1547.49527	2303.75105	34.7388944	9.13744797	13.3806529	1058.63247	0.0801306522	6.33566167	0.124262093	supercritical
181.885705	1.72000000	2.26629835	0.441248170	1553.41661	2312.36347	34.7863291	9.14851590	13.3907105	1060.27336	0.0762063124	6.35103958	0.124660392	supercritical
182.529110	1.72000000	2.25829183	0.442812566	1559.34472	2320.98233	34.8336316	9.15950375	13.4006996	1061.91209	0.0723181013	6.36640053	0.125058186	supercritical
183.172515	1.72000000	2.25034259	0.444376782	1565.27954	2329.60761	34.8808027	9.17041187	13.4106204	1063.54866	0.0684655411	6.38174459	0.125455470	supercritical
183.815920	1.72000000	2.24245002	0.445940820	1571.22103	2338.23924	34.9278431	9.18124063	13.4204729	1065.18309	0.0646481617	6.39707184	0.125852241	supercritical
184.459325	1.72000000	2.23461349	0.447504682	1577.16914	2346.87719	34.9747535	9.19199037	13.4302574	1066.81539	0.0608655007	6.41238237	0.126248494	supercritical
185.102730	1.72000000	2.22683241	0.449068369	1583.12382	2355.52141	35.0215344	9.20266147	13.4399742	1068.44557	0.0571171034	6.42767624	0.126644228	supercritical
185.746135	1.72000000	2.21910618	0.450631884	1589.08503	2364.17187	35.0681866	9.21325429	13.4496234	1070.07364	0.0534025220	6.44295355	0.127039438	supercritical
186.389540	1.72000000	2.21143422	0.452195228	1595.05272	2372.82851	35.1147108	9.22376919	13.4592052	1071.69963	0.0497213164	6.45821437	0.127434120	supercritical
187.032945	1.72000000	2.20381593	0.453758403	1601.02684	2381.49129	35.1611075	9.23420656	13.4687198	1073.32353	0.0460730534	6.47345878	0.127828274	supercritical
187.676350	1.72000000	2.19625076	0.455321412	1607.00735	2390.16018	35.2073775	9.24456675	13.4781675	1074.94537	0.0424573066	6.48868684	0.128221894	supercritical
188.319755	1.72000000	2.18873815	0.456884256	1612.99420	2398.83512	35.2535213	9.25485016	13.4875485	1076.56514	0.0388736567	6.50389865	0.128614978	supercritical
188.963160	1.72000000	2.18127753	0.458446937	1618.98735	2407.51608	35.2995396	9.26505716	13.4968631	1078.18287	0.0353216908	6.51909427	0.129007525	supercritical
189.606565	1.72000000	2.17386835	0.460009456	1624.98674	2416.20300	35.3454331	9.27518812	13.5061113	1079.79857	0.0318010030	6.53427378	0.129399530	supercritical
190.249970	1.72000000	2.16651010	0.461571816	1630.99234	2424.89586	35.3912023	9.28524343	13.5152936	1081.41224	0.0283111935	6.54943725	0.129790992	supercritical
190.893375	1.72000000	2.15920222	0.463134018	1637.00410	2433.59461	35.4368478	9.29522347	13.5244102	1083.02391	0.0248518690	6.56458476	0.130181908	supercritical
191.536780	1.72000000	2.15194420	0.464696063	1643.02197	2442.29919	35.4823703	9.30512863	13.5334612	1084.63357	0.0214226424	6.57971638	0.130572276	supercritical
192.180185	1.72000000	2.14473553	0.466257954	1649.04590	2451.00958	35.5277705	9.31495930	13.5424470	1086.24123	0.0180231326	6.59483219	0.130962093	supercritical
192.823590	1.72000000	2.13757569	0.467819692	1655.07587	2459.72574	35.5730488	9.32471585	13.5513678	1087.84692	0.0146529648	6.60993225	0.131351359	supercritical
193.466995	1.72000000	2.13046418	0.469381279	1661.11181	2468.44761	35.6182058	9.33439869	13.5602238	1089.45064	0.0113117698	6.62501664	0.131740070	supercritical
194.110400	1.72000000	2.12340050	0.470942716	1667.15368	2477.17515	35.6632423	9.34400819	13.5690154	1091.05240	0.00799918426	6.64008543	0.132128224	supercritical
194.753805	1.72000000	2.11638418	0.472504005	1673.20145	2485.90834	35.7081587	9.35354476	13.5777428	1092.65220	0.00471485062	6.65513869	0.132515821	supercritical
195.397210	1.72000000	2.10941472	0.474065147	1679.25506	2494.64712	35.7529556	9.36300878	13.5864062	1094.25007	0.00145841683	6.67017649	0.132902858	supercritical
196.040615	1.72000000	2.10249166	0.475626144	1685.31448	2503.39145	35.7976337	9.37240064	13.5950060	1095.84601	-0.00177046369	6.68519890	0.133289334	supercritical
196.684020	1.72000000	2.09561452	0.477186998	1691.37965	2512.14129	35.8421934	9.38172074	13.6035424	1097.44003	-0.00497213212	6.70020599	0.133675247	supercritical
197.327425	1.72000000	2.08878284	0.478747710	1697.45055	2520.89661	35.8866354	9.39096948	13.6120156	1099.03213	-0.00814692435	6.71519783	0.134060596	supercritical
197.970830	1.72000000	2.08199617	0.480308281	1703.52711	2529.65736	35.9309601	9.40014723	13.6204261	1100.62234	-0.0112951711	6.73017449	0.134445379	supercritical
198.614235	1.72000000	2.07525405	0.481868713	1709.60931	2538.42349	35.9751683	9.40925440	13.6287740	1102.21065	-0.0144171980	6.74513603	0.134829596	supercritical
199.257640	1.72000000	2.06855605	0.483429008	1715.69709	2547.19499	36.0192603	9.41829139	13.6370596	1103.79708	-0.0175133256	6.76008253	0.135213245	supercritical
199.901045	1.72000000	2.06190173	0.484989166	1721.79042	2555.97179	36.0632369	9.42725859	13.6452832	1105.38163	-0.0205838696	6.77501405	0.135596325	supercritical
200.544450	1.72000000	2.05529065	0.486549189	1727.88925	2564.75386	36.1070984	9.43615638	13.6534452	1106.96432	-0.0236291410	6.78993065	0.135978835	supercritical
201.187855	1.72000000	2.04872239	0.488109079	1733.99355	2573.54116	36.1508455	9.44498518	13.6615458	1108.54515	-0.0266494457	6.80483240	0.136360774	supercritical
201.831260	1.72000000	2.04219653	0.489668837	1740.10326	2582.33366	36.1944787	9.45374536	13.6695852	1110.12414	-0.0296450854	6.81971938	0.136742141	supercritical
202.474665	1.72000000	2.03571265	0.491228464	1746.21835	2591.13131	36.2379985	9.46243733	13.6775639	1111.70128	-0.0326163568	6.83459163	0.137122936	supercritical
203.118070	1.72000000	2.02927035	0.492787962	1752.33878	2599.93407	36.2814054	9.47106148	13.6854820	1113.27660	-0.0355635523	6.84944923	0.137503157	supercritical
203.761475	1.72000000	2.02286922	0.494347331	1758.46450	2608.74191	36.3247000	9.47961820	13.6933399	1114.85009	-0.0384869600	6.86429225	0.137882805	supercritical
204.404880	1.72000000	2.01650886	0.495906574	1764.59548	2617.55479	36.3678828	9.48810789	13.7011379	1116.42177	-0.0413868634	6.87912074	0.138261879	supercritical
205.048285	1.72000000	2.01018888	0.497465691	1770.73167	2626.37266	36.4109543	9.49653095	13.7088762	1117.99164	-0.0442635420	6.89393477	0.138640377	supercritical
205.691690	1.72000000	2.00390889	0.499024684	1776.87304	2635.19549	36.4539150	9.50488775	13.7165552	1119.55971	-0.0471172709	6.90873441	0.139018301	supercritical
206.335095	1.72000000	1.99766851	0.500583553	1783.01954	2644.02325	36.4967654	9.51317870	13.7241752	1121.12600	-0.0499483211	6.92351970	0.139395649	supercritical
206.978500	1.72000000	1.99146735	0.502142301	1789.17113	2652.85589	36.5395061	9.52140419	13.7317365	1122.69050	-0.0527569598	6.93829073	0.139772421	supercritical
207.621905	1.72000000	1.98530506	0.503700928	1795.32777	2661.69337	36.5821374	9.52956461	13.7392394	1124.25323	-0.0555434500	6.95304754	0.140148617	supercritical
208.265310	1.72000000	1.97918125	0.505259436	1801.48943	2670.53566	36.6246600	9.53766034	13.7466841	1125.81419	-0.0583080508	6.96779020	0.140524237	supercritical
208.908715	1.72000000	1.97309556	0.506817825	1807.65607	2679.38273	36.6670743	9.54569178	13.7540710	1127.37339	-0.0610510175	6.98251878	0.140899280	supercritical
209.552120	1.72000000	1.96704763	0.508376098	1813.82764	2688.23453	36.7093808	9.55365933	13.7614004	1128.93084	-0.0637726017	6.99723332	0.141273747	supercritical
210.195525	1.72000000	1.96103712	0.509934254	1820.00411	2697.09102	36.7515800	9.56156335	13.7686726	1130.48655	-0.0664730512	7.01193390	0.141647638	supercritical
210.838930	1.72000000	1.95506366	0.511492296	1826.18543	2705.95218	36.7936723	9.56940425	13.7758880	1132.04052	-0.0691526103	7.02662056	0.142020953	supercritical
211.482335	1.72000000	1.94912692	0.513050223	1832.37158	2714.81796	36.8356583	9.57718241	13.7830467	1133.59276	-0.0718115195	7.04129338	0.142393692	supercritical
212.125740	1.72000000	1.94322654	0.514608038	1838.56251	2723.68833	36.8775384	9.58489822	13.7901491	1135.14328	-0.0744500159	7.05595240	0.142765855	supercritical
212.769145	1.72000000	1.93736220	0.516165742	1844.75818	2732.56325	36.9193131	9.59255205	13.7971956	1136.69208	-0.0770683332	7.07059769	0.143137442	supercritical
213.412550	1.72000000	1.93153357	0.517723335	1850.95855	2741.44269	36.9609829	9.60014430	13.8041864	1138.23918	-0.0796667017	7.08522931	0.143508454	supercritical
214.055955	1.72000000	1.92574030	0.519280819	1857.16360	2750.32661	37.0025481	9.60767534	13.8111218	1139.78457	-0.0822453483	7.09984731	0.143878891	supercritical
214.699360	1.72000000	1.91998208	0.520838194	1863.37327	2759.21497	37.0440094	9.61514556	13.8180022	1141.32828	-0.0848044965	7.11445175	0.144248753	supercritical
215.342765	1.72000000	1.91425859	0.522395462	1869.58754	2768.10774	37.0853671	9.62255534	13.8248278	1142.87029	-0.0873443668	7.12904268	0.144618041	supercritical
215.986170	1.72000000	1.90856950	0.523952624	1875.80637	2777.00488	37.1266217	9.62990505	13.8315990	1144.41062	-0.0898651764	7.14362017	0.144986756	supercritical
216.629575	1.72000000	1.90291452	0.525509680	1882.02971	2785.90637	37.1677736	9.63719508	13.8383161	1145.94928	-0.0923671395	7.15818427	0.145354897	supercritical
217.272980	1.72000000	1.89729332	0.527066633	1888.25755	2794.81215	37.2088234	9.64442580	13.8449794	1147.48628	-0.0948504670	7.17273503	0.145722466	supercritical
217.916385	1.72000000	1.89170560	0.528623482	1894.48982	2803.72221	37.2497713	9.65159759	13.8515891	1149.02161	-0.0973153670	7.18727252	0.146089463	supercritical
218.559790	1.72000000	1.88615106	0.530180228	1900.72651	2812.63651	37.2906180	9.65871082	13.8581456	1150.55529	-0.0997620445	7.20179678	0.146455889	supercritical
219.203195	1.72000000	1.88062941	0.531736873	1906.96758	2821.55500	37.3313638	9.66576587	13.8646492	1152.08732	-0.102190702	7.21630787	0.146821744	supercritical
219.846600	1.72000000	1.87514034	0.533293418	1913.21298	2830.47766	37.3720092	9.67276310	13.8711003	1153.61771	-0.104601538	7.23080584	0.147187030	supercritical
220.490005	1.72000000	1.86968357	0.534849863	1919.46269	2839.40446	37.4125545	9.67970289	13.8774990	1155.14646	-0.106994750	7.24529075	0.147551746	supercritical
221.133410	1.72000000	1.86425880	0.536406210	1925.71668	2848.33536	37.4530003	9.68658562	13.8838457	1156.67359	-0.109370530	7.25976265	0.147915895	supercritical
221.776815	1.72000000	1.85886577	0.537962459	1931.97489	2857.27032	37.4933469	9.69341163	13.8901408	1158.19909	-0.111729071	7.27422160	0.148279476	supercritical
222.420220	1.72000000	1.85350418	0.539518612	1938.23731	2866.20932	37.5335949	9.70018131	13.8963845	1159.72297	-0.114070560	7.28866765	0.148642490	supercritical
223.063625	1.72000000	1.84817375	0.541074668	1944.50389	2875.15232	37.5737445	9.70689502	13.9025772	1161.24525	-0.116395183	7.30310084	0.149004940	supercritical
223.707030	1.72000000	1.84287422	0.542630630	1950.77460	2884.09928	37.6137962	9.71355313	13.9087191	1162.76592	-0.118703124	7.31752124	0.149366824	supercritical
224.350435	1.72000000	1.83760532	0.544186497	1957.04941	2893.05018	37.6537505	9.72015599	13.9148105	1164.28499	-0.120994561	7.33192890	0.149728146	supercritical
224.993840	1.72000000	1.83236676	0.545742272	1963.32828	2902.00499	37.6936077	9.72670396	13.9208518	1165.80247	-0.123269675	7.34632386	0.150088904	supercritical
225.637245	1.72000000	1.82715830	0.547297954	1969.61118	2910.96366	37.7333683	9.73319741	13.9268432	1167.31837	-0.125528639	7.36070617	0.150449102	supercritical
226.280650	1.72000000	1.82197967	0.548853544	1975.89808	2919.92618	37.7730327	9.73963670	13.9327851	1168.83268	-0.127771628	7.37507590	0.150808739	supercritical
226.924055	1.72000000	1.81683061	0.550409044	1982.18895	2928.89250	37.8126013	9.74602218	13.9386777	1170.34541	-0.129998811	7.38943308	0.151167817	supercritical
227.567460	1.72000000	1.81171087	0.551964454	1988.48374	2937.86260	37.8520744	9.75235421	13.9445214	1171.85658	-0.132210358	7.40377777	0.151526337	supercritical
228.210865	1.72000000	1.80662019	0.553519774	1994.78243	2946.83644	37.8914525	9.75863314	13.9503165	1173.36618	-0.134406434	7.41811002	0.151884300	supercritical
228.854270	1.72000000	1.80155833	0.555075007	2001.08498	2955.81400	37.9307360	9.76485932	13.9560632	1174.87423	-0.136587203	7.43242988	0.152241707	supercritical
229.497675	1.72000000	1.79652503	0.556630152	2007.39137	2964.79523	37.9699253	9.77103312	13.9617619	1176.38072	-0.138752827	7.44673739	0.152598560	supercritical
230.141080	1.72000000	1.79152006	0.558185210	2013.70156	2973.78012	38.0090207	9.77715486	13.9674128	1177.88566	-0.140903464	7.46103261	0.152954860	supercritical
230.784485	1.72000000	1.78654317	0.559740183	2020.01551	2982.76863	38.0480228	9.78322492	13.9730163	1179.38906	-0.143039273	7.47531559	0.153310608	supercritical
231.427890	1.72000000	1.78159413	0.561295070	2026.33321	2991.76073	38.0869317	9.78924362	13.9785726	1180.89093	-0.145160407	7.48958637	0.153665806	supercritical
232.071295	1.72000000	1.77667269	0.562849873	2032.65460	3000.75639	38.1257480	9.79521132	13.9840821	1182.39126	-0.147267021	7.50384500	0.154020454	supercritical
232.714700	1.72000000	1.77177864	0.564404592	2038.97967	3009.75557	38.1644721	9.80112836	13.9895450	1183.89007	-0.149359265	7.51809153	0.154374555	supercritical
233.358105	1.72000000	1.76691173	0.565959229	2045.30839	3018.75826	38.2031042	9.80699508	13.9949616	1185.38735	-0.151437288	7.53232600	0.154728109	supercritical
234.001510	1.72000000	1.76207174	0.567513783	2051.64071	3027.76442	38.2416448	9.81281183	14.0003323	1186.88312	-0.153501236	7.54654847	0.155081118	supercritical
234.644915	1.72000000	1.75725845	0.569068256	2057.97662	3036.77402	38.2800943	9.81857894	14.0056573	1188.37738	-0.155551254	7.56075898	0.155433583	supercritical
235.288320	1.72000000	1.75247163	0.570622648	2064.31608	3045.78703	38.3184530	9.82429675	14.0109370	1189.87013	-0.157587487	7.57495757	0.155785507	supercritical
235.931725	1.72000000	1.74771106	0.572176960	2070.65905	3054.80342	38.3567213	9.82996559	14.0161715	1191.36138	-0.159610073	7.58914430	0.156136889	supercritical
236.575130	1.72000000	1.74297652	0.573731193	2077.00552	3063.82317	38.3948996	9.83558581	14.0213612	1192.85114	-0.161619153	7.60331920	0.156487732	supercritical
237.218535	1.72000000	1.73826781	0.575285347	2083.35545	3072.84624	38.4329882	9.84115773	14.0265064	1194.33940	-0.163614865	7.61748233	0.156838038	supercritical
237.861940	1.72000000	1.73358470	0.576839423	2089.70880	3081.87261	38.4709876	9.84668169	14.0316074	1195.82618	-0.165597342	7.63163373	0.157187807	supercritical
238.505345	1.72000000	1.72892699	0.578393422	2096.06556	3090.90225	38.5088980	9.85215801	14.0366645	1197.31148	-0.167566720	7.64577344	0.157537042	supercritical
239.148750	1.72000000	1.72429447	0.579947344	2102.42569	3099.93512	38.5467198	9.85758702	14.0416779	1198.79530	-0.169523130	7.65990152	0.157885743	supercritical
239.792155	1.72000000	1.71968694	0.581501190	2108.78916	3108.97121	38.5844535	9.86296906	14.0466480	1200.27765	-0.171466702	7.67401799	0.158233913	supercritical
240.435560	1.72000000	1.71510418	0.583054962	2115.15594	3118.01048	38.6220993	9.86830445	14.0515749	1201.75854	-0.173397565	7.68812292	0.158581553	supercritical
241.078965	1.72000000	1.71054600	0.584608658	2121.52601	3127.05291	38.6596576	9.87359350	14.0564591	1203.23796	-0.175315846	7.70221633	0.158928664	supercritical
241.722370	1.72000000	1.70601220	0.586162280	2127.89934	3136.09846	38.6971287	9.87883655	14.0613008	1204.71592	-0.177221669	7.71629828	0.159275249	supercritical
242.365775	1.72000000	1.70150258	0.587715829	2134.27589	3145.14712	38.7345131	9.88403391	14.0661002	1206.19243	-0.179115159	7.73036881	0.159621308	supercritical
243.009180	1.72000000	1.69701695	0.589269306	2140.65564	3154.19885	38.7718110	9.88918590	14.0708577	1207.66750	-0.180996437	7.74442797	0.159966844	supercritical
243.652585	1.72000000	1.69255512	0.590822710	2147.03857	3163.25363	38.8090228	9.89429284	14.0755735	1209.14112	-0.182865624	7.75847578	0.160311858	supercritical
244.295990	1.72000000	1.68811689	0.592376042	2153.42464	3172.31143	38.8461489	9.89935505	14.0802479	1210.61330	-0.184722838	7.77251231	0.160656352	supercritical
244.939395	1.72000000	1.68370207	0.593929304	2159.81382	3181.37223	38.8831895	9.90437284	14.0848812	1212.08404	-0.186568197	7.78653759	0.161000327	supercritical
245.582800	1.72000000	1.67931049	0.595482496	2166.20610	3190.43599	38.9201451	9.90934653	14.0894736	1213.55336	-0.188401817	7.80055165	0.161343785	supercritical
246.226205	1.72000000	1.67494195	0.597035617	2172.60143	3199.50269	38.9570159	9.91427641	14.0940255	1215.02125	-0.190223811	7.81455455	0.161686728	supercritical
246.869610	1.72000000	1.67059627	0.598588670	2178.99980	3208.57231	38.9938024	9.91916282	14.0985372	1216.48772	-0.192034292	7.82854633	0.162029158	supercritical
247.513015	1.72000000	1.66627328	0.600141654	2185.40118	3217.64482	39.0305048	9.92400605	14.1030088	1217.95277	-0.193833373	7.84252702	0.162371075	supercritical
248.156420	1.72000000	1.66197279	0.601694570	2191.80554	3226.72020	39.0671235	9.92880641	14.1074406	1219.41640	-0.195621162	7.85649667	0.162712483	supercritical
248.799825	1.72000000	1.65769462	0.603247418	2198.21285	3235.79841	39.1036588	9.93356420	14.1118330	1220.87863	-0.197397769	7.87045532	0.163053382	supercritical
249.443230	1.72000000	1.65343861	0.604800200	2204.62309	3244.87944	39.1401110	9.93827973	14.1161862	1222.33946	-0.199163300	7.88440301	0.163393775	supercritical
250.086635	1.72000000	1.64920457	0.606352915	2211.03624	3253.96325	39.1764804	9.94295331	14.1205005	1223.79888	-0.200917862	7.89833978	0.163733663	supercritical
250.730040	1.72000000	1.64499234	0.607905565	2217.45226	3263.04983	39.2127675	9.94758523	14.1247760	1225.25691	-0.202661559	7.91226567	0.164073047	supercritical
251.373445	1.72000000	1.64080175	0.609458149	2223.87113	3272.13915	39.2489725	9.95217579	14.1290132	1226.71355	-0.204394493	7.92618072	0.164411931	supercritical
252.016850	1.72000000	1.63663263	0.611010669	2230.29282	3281.23118	39.2850957	9.95672528	14.1332123	1228.16879	-0.206116768	7.94008496	0.164750314	supercritical
252.660255	1.72000000	1.63248482	0.612563125	2236.71732	3290.32590	39.3211374	9.96123402	14.1373735	1229.62266	-0.207828483	7.95397845	0.165088200	supercritical
253.303660	1.72000000	1.62835814	0.614115517	2243.14459	3299.42328	39.3570981	9.96570228	14.1414971	1231.07514	-0.209529738	7.96786121	0.165425590	supercritical
253.947065	1.72000000	1.62425244	0.615667845	2249.57461	3308.52331	39.3929779	9.97013037	14.1455834	1232.52625	-0.211220631	7.98173329	0.165762486	supercritical
254.590470	1.72000000	1.62016756	0.617220112	2256.00736	3317.62595	39.4287772	9.97451857	14.1496326	1233.97598	-0.212901258	7.99559472	0.166098889	supercritical
255.233875	1.72000000	1.61610333	0.618772316	2262.44281	3326.73119	39.4644963	9.97886717	14.1536450	1235.42435	-0.214571716	8.00944555	0.166434802	supercritical
255.877280	1.72000000	1.61205960	0.620324458	2268.88093	3335.83900	39.5001356	9.98317647	14.1576208	1236.87136	-0.216232099	8.02328581	0.166770226	supercritical
256.520685	1.72000000	1.60803622	0.621876540	2275.32170	3344.94935	39.5356953	9.98744675	14.1615603	1238.31700	-0.217882501	8.03711554	0.167105163	supercritical
257.164090	1.72000000	1.60403302	0.623428561	2281.76510	3354.06223	39.5711757	9.99167830	14.1654638	1239.76129	-0.219523012	8.05093478	0.167439614	supercritical
257.807495	1.72000000	1.60004987	0.624980522	2288.21110	3363.17760	39.6065772	9.99587139	14.1693314	1241.20422	-0.221153725	8.06474356	0.167773582	supercritical
258.450900	1.72000000	1.59608659	0.626532423	2294.65969	3372.29546	39.6419001	10.0000263	14.1731636	1242.64580	-0.222774730	8.07854192	0.168107069	supercritical
259.094305	1.72000000	1.59214305	0.628084265	2301.11083	3381.41576	39.6771446	10.0041434	14.1769605	1244.08604	-0.224386114	8.09232991	0.168440076	supercritical
259.737710	1.72000000	1.58821910	0.629636048	2307.56450	3390.53850	39.7123110	10.0082228	14.1807223	1245.52494	-0.225987967	8.10610755	0.168772604	supercritical
260.381115	1.72000000	1.58431459	0.631187773	2314.02068	3399.66365	39.7473997	10.0122649	14.1844494	1246.96250	-0.227580374	8.11987488	0.169104657	supercritical
261.024520	1.72000000	1.58042938	0.632739441	2320.47935	3408.79119	39.7824110	10.0162699	14.1881419	1248.39873	-0.229163421	8.13363194	0.169436235	supercritical
261.667925	1.72000000	1.57656331	0.634291051	2326.94048	3417.92109	39.8173452	10.0202382	14.1918002	1249.83362	-0.230737193	8.14737877	0.169767341	supercritical
262.311330	1.72000000	1.57271626	0.635842604	2333.40405	3427.05333	39.8522024	10.0241700	14.1954245	1251.26719	-0.232301772	8.16111540	0.170097977	supercritical
262.954735	1.72000000	1.56888807	0.637394101	2339.87004	3436.18789	39.8869832	10.0280655	14.1990149	1252.69944	-0.233857243	8.17484187	0.170428143	supercritical
263.598140	1.72000000	1.56507861	0.638945542	2346.33842	3445.32476	39.9216876	10.0319251	14.2025719	1254.13036	-0.235403686	8.18855821	0.170757843	supercritical
264.241545	1.72000000	1.56128774	0.640496928	2352.80918	3454.46390	39.9563161	10.0357490	14.2060955	1255.55997	-0.236941181	8.20226446	0.171087077	supercritical
264.884950	1.72000000	1.55751532	0.642048258	2359.28229	3463.60529	39.9908689	10.0395374	14.2095861	1256.98827	-0.238469809	8.21596066	0.171415848	supercritical
265.528355	1.72000000	1.55376122	0.643599534	2365.75773	3472.74893	40.0253463	10.0432907	14.2130439	1258.41525	-0.239989648	8.22964683	0.171744158	supercritical
266.171760	1.72000000	1.55002531	0.645150756	2372.23548	3481.89477	40.0597486	10.0470091	14.2164691	1259.84093	-0.241500776	8.24332302	0.172072008	supercritical
266.815165	1.72000000	1.54630745	0.646701924	2378.71551	3491.04282	40.0940761	10.0506929	14.2198620	1261.26531	-0.243003268	8.25698925	0.172399401	supercritical
267.458570	1.72000000	1.54260750	0.648253038	2385.19780	3500.19303	40.1283290	10.0543423	14.2232228	1262.68839	-0.244497202	8.27064557	0.172726337	supercritical
268.101975	1.72000000	1.53892535	0.649804100	2391.68234	3509.34539	40.1625077	10.0579576	14.2265518	1264.11017	-0.245982653	8.28429200	0.173052820	supercritical
268.745380	1.72000000	1.53526085	0.651355109	2398.16910	3518.49989	40.1966123	10.0615391	14.2298491	1265.53066	-0.247459693	8.29792859	0.173378850	supercritical
269.388785	1.72000000	1.53161389	0.652906066	2404.65807	3527.65650	40.2306433	10.0650869	14.2331151	1266.94987	-0.248928397	8.31155536	0.173704430	supercritical
270.032190	1.72000000	1.52798434	0.654456971	2411.14921	3536.81520	40.2646008	10.0686015	14.2363499	1268.36778	-0.250388836	8.32517234	0.174029561	supercritical
270.675595	1.72000000	1.52437206	0.656007825	2417.64251	3545.97597	40.2984852	10.0720829	14.2395538	1269.78441	-0.251841083	8.33877958	0.174354246	supercritical
271.319000	1.72000000	1.52077694	0.657558628	2424.13795	3555.13879	40.3322967	10.0755315	14.2427271	1271.19977	-0.253285207	8.35237711	0.174678485	supercritical
271.962405	1.72000000	1.51719886	0.659109380	2430.63551	3564.30365	40.3660356	10.0789476	14.2458699	1272.61385	-0.254721279	8.36596495	0.175002282	supercritical
272.605810	1.72000000	1.51363769	0.660660083	2437.13517	3573.47051	40.3997022	10.0823313	14.2489824	1274.02665	-0.256149368	8.37954315	0.175325638	supercritical
273.249215	1.72000000	1.51009331	0.662210735	2443.63691	3582.63937	40.4332967	10.0856830	14.2520650	1275.43818	-0.257569541	8.39311172	0.175648554	supercritical
273.892620	1.72000000	1.50656560	0.663761338	2450.14071	3591.81021	40.4668194	10.0890028	14.2551179	1276.84845	-0.258981866	8.40667072	0.175971032	supercritical
274.536025	1.72000000	1.50305445	0.665311893	2456.64654	3600.98300	40.5002706	10.0922910	14.2581411	1278.25746	-0.260386410	8.42022016	0.176293075	supercritical
275.179430	1.72000000	1.49955973	0.666862398	2463.15440	3610.15772	40.5336505	10.0955479	14.2611351	1279.66520	-0.261783238	8.43376008	0.176614684	supercritical
275.822835	1.72000000	1.49608134	0.668412855	2469.66425	3619.33436	40.5669594	10.0987738	14.2641000	1281.07169	-0.263172416	8.44729051	0.176935861	supercritical
276.466240	1.72000000	1.49261915	0.669963265	2476.17609	3628.51290	40.6001976	10.1019687	14.2670361	1282.47692	-0.264554008	8.46081149	0.177256608	supercritical
277.109645	1.72000000	1.48917306	0.671513626	2482.68988	3637.69332	40.6333653	10.1051331	14.2699434	1283.88090	-0.265928077	8.47432305	0.177576927	supercritical
277.753050	1.72000000	1.48574294	0.673063941	2489.20562	3646.87560	40.6664628	10.1082671	14.2728224	1285.28363	-0.267294687	8.48782521	0.177896819	supercritical
278.396455	1.72000000	1.48232870	0.674614209	2495.72328	3656.05972	40.6994903	10.1113709	14.2756732	1286.68512	-0.268653898	8.50131801	0.178216286	supercritical
279.039860	1.72000000	1.47893021	0.676164430	2502.24285	3665.24567	40.7324482	10.1144449	14.2784959	1288.08536	-0.270005774	8.51480148	0.178535330	supercritical
279.683265	1.72000000	1.47554737	0.677714605	2508.76431	3674.43343	40.7653366	10.1174892	14.2812910	1289.48437	-0.271350374	8.52827565	0.178853953	supercritical
280.326670	1.72000000	1.47218006	0.679264734	2515.28763	3683.62298	40.7981559	10.1205041	14.2840584	1290.88214	-0.272687758	8.54174055	0.179172157	supercritical
280.970075	1.72000000	1.46882819	0.680814818	2521.81281	3692.81429	40.8309062	10.1234898	14.2867985	1292.27867	-0.274017987	8.55519622	0.179489943	supercritical
281.613480	1.72000000	1.46549165	0.682364857	2528.33981	3702.00736	40.8635878	10.1264465	14.2895115	1293.67398	-0.275341118	8.56864267	0.179807313	supercritical
282.256885	1.72000000	1.46217032	0.683914851	2534.86863	3711.20217	40.8962010	10.1293745	14.2921976	1295.06806	-0.276657209	8.58207995	0.180124270	supercritical
282.900290	1.72000000	1.45886412	0.685464801	2541.39924	3720.39870	40.9287461	10.1322740	14.2948570	1296.46091	-0.277966318	8.59550808	0.180440814	supercritical
283.543695	1.72000000	1.45557292	0.687014706	2547.93164	3729.59693	40.9612232	10.1351453	14.2974899	1297.85254	-0.279268501	8.60892710	0.180756949	supercritical
284.187100	1.72000000	1.45229663	0.688564568	2554.46579	3738.79685	40.9936326	10.1379884	14.3000965	1299.24295	-0.280563815	8.62233702	0.181072674	supercritical
284.830505	1.72000000	1.44903515	0.690114386	2561.00169	3747.99843	41.0259746	10.1408038	14.3026771	1300.63214	-0.281852315	8.63573789	0.181387993	supercritical
285.473910	1.72000000	1.44578837	0.691664161	2567.53931	3757.20167	41.0582495	10.1435916	14.3052317	1302.02012	-0.283134056	8.64912973	0.181702907	supercritical
286.117315	1.72000000	1.44255620	0.693213893	2574.07865	3766.40654	41.0904574	10.1463519	14.3077608	1303.40689	-0.284409092	8.66251257	0.182017418	supercritical
286.760720	1.72000000	1.43933854	0.694763583	2580.61967	3775.61304	41.1225986	10.1490852	14.3102643	1304.79246	-0.285677476	8.67588643	0.182331527	supercritical
287.404125	1.72000000	1.43613529	0.696313230	2587.16237	3784.82113	41.1546733	10.1517914	14.3127426	1306.17681	-0.286939262	8.68925136	0.182645237	supercritical
288.047530	1.72000000	1.43294635	0.697862835	2593.70673	3794.03081	41.1866819	10.1544710	14.3151959	1307.55997	-0.288194502	8.70260737	0.182958548	supercritical
288.690935	1.72000000	1.42977162	0.699412399	2600.25273	3803.24206	41.2186244	10.1571241	14.3176243	1308.94192	-0.289443247	8.71595450	0.183271464	supercritical
289.334340	1.72000000	1.42661102	0.700961922	2606.80036	3812.45487	41.2505013	10.1597508	14.3200281	1310.32267	-0.290685550	8.72929278	0.183583985	supercritical
289.977745	1.72000000	1.42346444	0.702511404	2613.34960	3821.66921	41.2823126	10.1623515	14.3224074	1311.70223	-0.291921460	8.74262222	0.183896114	supercritical
290.621150	1.72000000	1.42033179	0.704060844	2619.90043	3830.88508	41.3140587	10.1649264	14.3247625	1313.08060	-0.293151028	8.75594287	0.184207852	supercritical
291.264555	1.72000000	1.41721298	0.705610245	2626.45283	3840.10245	41.3457398	10.1674756	14.3270935	1314.45778	-0.294374303	8.76925475	0.184519200	supercritical
291.907960	1.72000000	1.41410792	0.707159605	2633.00680	3849.32132	41.3773560	10.1699993	14.3294006	1315.83377	-0.295591335	8.78255788	0.184830162	supercritical
292.551365	1.72000000	1.41101652	0.708708926	2639.56231	3858.54166	41.4089078	10.1724979	14.3316841	1317.20858	-0.296802172	8.79585229	0.185140737	supercritical
293.194770	1.72000000	1.40793868	0.710258207	2646.11935	3867.76347	41.4403952	10.1749714	14.3339442	1318.58221	-0.298006862	8.80913802	0.185450929	supercritical
293.838175	1.72000000	1.40487431	0.711807448	2652.67791	3876.98672	41.4718185	10.1774201	14.3361809	1319.95465	-0.299205452	8.82241509	0.185760739	supercritical
294.481580	1.72000000	1.40182334	0.713356651	2659.23797	3886.21141	41.5031779	10.1798442	14.3383946	1321.32592	-0.300397989	8.83568352	0.186070168	supercritical
295.124985	1.72000000	1.39878566	0.714905815	2665.79951	3895.43751	41.5344737	10.1822439	14.3405853	1322.69602	-0.301584520	8.84894335	0.186379218	supercritical
295.768390	1.72000000	1.39576119	0.716454941	2672.36251	3904.66501	41.5657061	10.1846194	14.3427534	1324.06494	-0.302765091	8.86219460	0.186687891	supercritical
296.411795	1.72000000	1.39274985	0.718004028	2678.92697	3913.89390	41.5968753	10.1869709	14.3448990	1325.43269	-0.303939747	8.87543730	0.186996189	supercritical
297.055200	1.72000000	1.38975154	0.719553078	2685.49287	3923.12416	41.6279815	10.1892986	14.3470222	1326.79928	-0.305108532	8.88867147	0.187304113	supercritical
297.698605	1.72000000	1.38676619	0.721102089	2692.06019	3932.35579	41.6590251	10.1916026	14.3491232	1328.16470	-0.306271493	8.90189714	0.187611665	supercritical
298.342010	1.72000000	1.38379371	0.722651064	2698.62893	3941.58876	41.6900061	10.1938833	14.3512024	1329.52896	-0.307428671	8.91511434	0.187918847	supercritical
298.985415	1.72000000	1.38083402	0.724200001	2705.19905	3950.82305	41.7209248	10.1961408	14.3532597	1330.89206	-0.308580112	8.92832309	0.188225661	supercritical
299.628820	1.72000000	1.37788703	0.725748902	2711.77056	3960.05867	41.7517815	10.1983753	14.3552954	1332.25401	-0.309725857	8.94152342	0.188532107	supercritical
300.272225	1.72000000	1.37495266	0.727297766	2718.34343	3969.29559	41.7825763	10.2005870	14.3573098	1333.61480	-0.310865950	8.95471536	0.188838189	supercritical
300.915630	1.72000000	1.37203083	0.728846594	2724.91765	3978.53379	41.8133095	10.2027760	14.3593029	1334.97443	-0.312000433	8.96789893	0.189143906	supercritical
301.559035	1.72000000	1.36912147	0.730395385	2731.49321	3987.77328	41.8439813	10.2049427	14.3612749	1336.33292	-0.313129347	8.98107416	0.189449262	supercritical
302.202440	1.72000000	1.36622448	0.731944141	2738.07010	3997.01402	41.8745918	10.2070870	14.3632261	1337.69026	-0.314252734	8.99424107	0.189754258	supercritical
302.845845	1.72000000	1.36333979	0.733492861	2744.64829	4006.25602	41.9051415	10.2092094	14.3651566	1339.04645	-0.315370634	9.00739969	0.190058895	supercritical
303.489250	1.72000000	1.36046732	0.735041546	2751.22779	4015.49924	41.9356303	10.2113099	14.3670665	1340.40150	-0.316483088	9.02055004	0.190363175	supercritical
304.132655	1.72000000	1.35760699	0.736590196	2757.80856	4024.74370	41.9660586	10.2133887	14.3689562	1341.75541	-0.317590136	9.03369215	0.190667099	supercritical
304.776060	1.72000000	1.35475873	0.738138811	2764.39060	4033.98936	41.9964266	10.2154460	14.3708256	1343.10818	-0.318691817	9.04682604	0.190970670	supercritical
305.419465	1.72000000	1.35192246	0.739687391	2770.97390	4043.23621	42.0267345	10.2174820	14.3726751	1344.45982	-0.319788171	9.05995175	0.191273889	supercritical
306.062870	1.72000000	1.34909811	0.741235937	2777.55844	4052.48425	42.0569824	10.2194969	14.3745047	1345.81032	-0.320879236	9.07306928	0.191576758	supercritical
306.706275	1.72000000	1.34628559	0.742784449	2784.14421	4061.73347	42.0871707	10.2214909	14.3763147	1347.15969	-0.321965050	9.08617868	0.191879278	supercritical
307.349680	1.72000000	1.34348483	0.744332927	2790.73120	4070.98384	42.1172994	10.2234641	14.3781052	1348.50792	-0.323045652	9.09927996	0.192181450	supercritical
307.993085	1.72000000	1.34069577	0.745881372	2797.31939	4080.23535	42.1473689	10.2254167	14.3798764	1349.85504	-0.324121079	9.11237315	0.192483277	supercritical
308.636490	1.72000000	1.33791832	0.747429783	2803.90877	4089.48800	42.1773793	10.2273490	14.3816284	1351.20102	-0.325191367	9.12545826	0.192784760	supercritical
309.279895	1.72000000	1.33515242	0.748978161	2810.49933	4098.74177	42.2073309	10.2292610	14.3833615	1352.54589	-0.326256555	9.13853534	0.193085901	supercritical
309.923300	1.72000000	1.33239798	0.750526505	2817.09106	4107.99665	42.2372237	10.2311530	14.3850757	1353.88963	-0.327316678	9.15160439	0.193386701	supercritical
310.566705	1.72000000	1.32965494	0.752074818	2823.68394	4117.25263	42.2670582	10.2330252	14.3867713	1355.23226	-0.328371771	9.16466545	0.193687162	supercritical
311.210110	1.72000000	1.32692324	0.753623097	2830.27796	4126.50969	42.2968343	10.2348776	14.3884485	1356.57377	-0.329421872	9.17771854	0.193987285	supercritical
311.853515	1.72000000	1.32420279	0.755171344	2836.87311	4135.76782	42.3265524	10.2367105	14.3901073	1357.91416	-0.330467015	9.19076368	0.194287072	supercritical
312.496920	1.72000000	1.32149353	0.756719559	2843.46937	4145.02702	42.3562127	10.2385241	14.3917479	1359.25344	-0.331507235	9.20380089	0.194586524	supercritical
313.140325	1.72000000	1.31879539	0.758267743	2850.06675	4154.28726	42.3858153	10.2403185	14.3933706	1360.59162	-0.332542566	9.21683020	0.194885644	supercritical
313.783730	1.72000000	1.31610829	0.759815894	2856.66521	4163.54855	42.4153605	10.2420940	14.3949754	1361.92868	-0.333573043	9.22985163	0.195184432	supercritical
314.427135	1.72000000	1.31343218	0.761364015	2863.26475	4172.81086	42.4448484	10.2438505	14.3965626	1363.26464	-0.334598700	9.24286521	0.195482890	supercritical
315.070540	1.72000000	1.31076699	0.762912104	2869.86537	4182.07418	42.4742793	10.2455885	14.3981322	1364.59949	-0.335619570	9.25587096	0.195781021	supercritical
315.713945	1.72000000	1.30811264	0.764460162	2876.46704	4191.33851	42.5036533	10.2473079	14.3996844	1365.93325	-0.336635686	9.26886890	0.196078824	supercritical
316.357350	1.72000000	1.30546907	0.766008189	2883.06975	4200.60384	42.5329706	10.2490090	14.4012195	1367.26590	-0.337647081	9.28185905	0.196376302	supercritical
317.000755	1.72000000	1.30283622	0.767556185	2889.67350	4209.87014	42.5622315	10.2506919	14.4027375	1368.59746	-0.338653788	9.29484144	0.196673457	supercritical
317.644160	1.72000000	1.30021402	0.769104152	2896.27828	4219.13742	42.5914361	10.2523568	14.4042386	1369.92792	-0.339655839	9.30781609	0.196970289	supercritical
318.287565	1.72000000	1.29760240	0.770652088	2902.88407	4228.40566	42.6205846	10.2540039	14.4057230	1371.25729	-0.340653265	9.32078302	0.197266801	supercritical
318.930970	1.72000000	1.29500131	0.772199994	2909.49086	4237.67485	42.6496773	10.2556333	14.4071908	1372.58556	-0.341646099	9.33374226	0.197562994	supercritical
319.574375	1.72000000	1.29241067	0.773747870	2916.09864	4246.94497	42.6787143	10.2572452	14.4086421	1373.91275	-0.342634371	9.34669382	0.197858869	supercritical
320.217780	1.72000000	1.28983042	0.775295716	2922.70739	4256.21603	42.7076957	10.2588397	14.4100771	1375.23885	-0.343618112	9.35963774	0.198154428	supercritical
320.861185	1.72000000	1.28726051	0.776843533	2929.31712	4265.48800	42.7366219	10.2604170	14.4114960	1376.56387	-0.344597354	9.37257402	0.198449672	supercritical
321.504590	1.72000000	1.28470086	0.778391321	2935.92781	4274.76088	42.7654929	10.2619773	14.4128989	1377.88780	-0.345572126	9.38550270	0.198744603	supercritical
322.147995	1.72000000	1.28215142	0.779939080	2942.53944	4284.03466	42.7943090	10.2635207	14.4142860	1379.21065	-0.346542458	9.39842379	0.199039223	supercritical
322.791400	1.72000000	1.27961213	0.781486811	2949.15201	4293.30932	42.8230704	10.2650473	14.4156574	1380.53242	-0.347508381	9.41133732	0.199333532	supercritical
323.434805	1.72000000	1.27708292	0.783034512	2955.76551	4302.58487	42.8517772	10.2665574	14.4170132	1381.85311	-0.348469923	9.42424331	0.199627533	supercritical
324.078210	1.72000000	1.27456373	0.784582185	2962.37992	4311.86128	42.8804297	10.2680510	14.4183536	1383.17273	-0.349427113	9.43714178	0.199921226	supercritical
324.721615	1.72000000	1.27205452	0.786129830	2968.99524	4321.13855	42.9090279	10.2695284	14.4196787	1384.49127	-0.350379981	9.45003275	0.200214613	supercritical
325.365020	1.72000000	1.26955520	0.787677447	2975.61145	4330.41666	42.9375722	10.2709897	14.4209887	1385.80874	-0.351328556	9.46291624	0.200507697	supercritical
326.008425	1.72000000	1.26706574	0.789225035	2982.22855	4339.69562	42.9660626	10.2724349	14.4222837	1387.12514	-0.352272864	9.47579227	0.200800477	supercritical
326.651830	1.72000000	1.26458606	0.790772597	2988.84653	4348.97540	42.9944994	10.2738644	14.4235639	1388.44048	-0.353212935	9.48866088	0.201092956	supercritical
327.295235	1.72000000	1.26211611	0.792320130	2995.46537	4358.25600	43.0228827	10.2752782	14.4248294	1389.75475	-0.354148796	9.50152207	0.201385134	supercritical
327.938640	1.72000000	1.25965583	0.793867636	3002.08507	4367.53741	43.0512128	10.2766764	14.4260803	1391.06795	-0.355080475	9.51437586	0.201677014	supercritical
328.582045	1.72000000	1.25720518	0.795415115	3008.70562	4376.81962	43.0794898	10.2780592	14.4273168	1392.38009	-0.356007999	9.52722229	0.201968597	supercritical
329.225450	1.72000000	1.25476408	0.796962567	3015.32701	4386.10262	43.1077139	10.2794269	14.4285390	1393.69117	-0.356931394	9.54006136	0.202259885	supercritical
329.868855	1.72000000	1.25233248	0.798509993	3021.94922	4395.38640	43.1358852	10.2807794	14.4297471	1395.00119	-0.357850688	9.55289310	0.202550877	supercritical
330.512260	1.72000000	1.24991033	0.800057391	3028.57225	4404.67096	43.1640040	10.2821169	14.4309411	1396.31016	-0.358765908	9.56571754	0.202841577	supercritical
331.155665	1.72000000	1.24749758	0.801604763	3035.19609	4413.95628	43.1920704	10.2834397	14.4321213	1397.61807	-0.359677078	9.57853468	0.203131986	supercritical
331.799070	1.72000000	1.24509416	0.803152109	3041.82073	4423.24236	43.2200846	10.2847478	14.4332877	1398.92493	-0.360584225	9.59134455	0.203422104	supercritical
332.442475	1.72000000	1.24270003	0.804699429	3048.44616	4432.52918	43.2480468	10.2860413	14.4344405	1400.23074	-0.361487376	9.60414718	0.203711933	supercritical
333.085880	1.72000000	1.24031512	0.806246722	3055.07237	4441.81674	43.2759572	10.2873205	14.4355797	1401.53549	-0.362386554	9.61694258	0.204001475	supercritical
333.729285	1.72000000	1.23793939	0.807793990	3061.69936	4451.10502	43.3038158	10.2885854	14.4367057	1402.83920	-0.363281786	9.62973076	0.204290731	supercritical
334.372690	1.72000000	1.23557278	0.809341232	3068.32711	4460.39403	43.3316230	10.2898362	14.4378184	1404.14187	-0.364173097	9.64251176	0.204579703	supercritical
335.016095	1.72000000	1.23321525	0.810888449	3074.95562	4469.68375	43.3593788	10.2910730	14.4389180	1405.44349	-0.365060511	9.65528559	0.204868391	supercritical
335.659500	1.72000000	1.23086673	0.812435640	3081.58487	4478.97417	43.3870835	10.2922959	14.4400047	1406.74407	-0.365944052	9.66805228	0.205156797	supercritical
336.302905	1.72000000	1.22852718	0.813982806	3088.21486	4488.26529	43.4147372	10.2935052	14.4410785	1408.04360	-0.366823746	9.68081183	0.205444922	supercritical
336.946310	1.72000000	1.22619654	0.815529948	3094.84558	4497.55709	43.4423401	10.2947008	14.4421396	1409.34210	-0.367699616	9.69356427	0.205732769	supercritical
337.589715	1.72000000	1.22387477	0.817077064	3101.47703	4506.84958	43.4698923	10.2958830	14.4431881	1410.63956	-0.368571685	9.70630962	0.206020337	supercritical
338.233120	1.72000000	1.22156180	0.818624156	3108.10918	4516.14273	43.4973941	10.2970519	14.4442241	1411.93599	-0.369439979	9.71904791	0.206307629	supercritical
338.876525	1.72000000	1.21925760	0.820171223	3114.74204	4525.43654	43.5248455	10.2982077	14.4452478	1413.23138	-0.370304519	9.73177914	0.206594646	supercritical
339.519930	1.72000000	1.21696212	0.821718266	3121.37560	4534.73102	43.5522468	10.2993503	14.4462592	1414.52574	-0.371165329	9.74450333	0.206881389	supercritical
340.163335	1.72000000	1.21467529	0.823265284	3128.00984	4544.02613	43.5795981	10.3004800	14.4472586	1415.81908	-0.372022433	9.75722052	0.207167859	supercritical
340.806740	1.72000000	1.21239708	0.824812279	3134.64477	4553.32189	43.6068997	10.3015970	14.4482460	1417.11138	-0.372875852	9.76993071	0.207454058	supercritical
341.450145	1.72000000	1.21012744	0.826359249	3141.28037	4562.61828	43.6341515	10.3027012	14.4492215	1418.40266	-0.373725610	9.78263392	0.207739987	supercritical
342.093550	1.72000000	1.20786631	0.827906196	3147.91663	4571.91529	43.6613539	10.3037929	14.4501853	1419.69291	-0.374571728	9.79533018	0.208025647	supercritical
342.736955	1.72000000	1.20561365	0.829453119	3154.55355	4581.21292	43.6885070	10.3048722	14.4511375	1420.98214	-0.375414230	9.80801950	0.208311040	supercritical
343.380360	1.72000000	1.20336941	0.831000019	3161.19112	4590.51116	43.7156110	10.3059392	14.4520781	1422.27035	-0.376253136	9.82070190	0.208596167	supercritical
344.023765	1.72000000	1.20113354	0.832546895	3167.82933	4599.80999	43.7426659	10.3069940	14.4530074	1423.55753	-0.377088469	9.83337740	0.208881029	supercritical
344.667170	1.72000000	1.19890600	0.834093748	3174.46818	4609.10943	43.7696720	10.3080367	14.4539254	1424.84370	-0.377920249	9.84604602	0.209165628	supercritical
345.310575	1.72000000	1.19668674	0.835640579	3181.10765	4618.40945	43.7966295	10.3090675	14.4548323	1426.12886	-0.378748500	9.85870778	0.209449964	supercritical
345.953980	1.72000000	1.19447571	0.837187386	3187.74774	4627.71005	43.8235384	10.3100865	14.4557281	1427.41300	-0.379573241	9.87136269	0.209734040	supercritical
346.597385	1.72000000	1.19227287	0.838734170	3194.38845	4637.01122	43.8503990	10.3110938	14.4566130	1428.69612	-0.380394493	9.88401077	0.210017855	supercritical
347.240790	1.72000000	1.19007818	0.840280932	3201.02976	4646.31296	43.8772115	10.3120896	14.4574870	1429.97824	-0.381212278	9.89665205	0.210301413	supercritical
347.884195	1.72000000	1.18789158	0.841827672	3207.67166	4655.61526	43.9039759	10.3130738	14.4583504	1431.25934	-0.382026616	9.90928653	0.210584713	supercritical
348.527600	1.72000000	1.18571303	0.843374389	3214.31416	4664.91811	43.9306924	10.3140468	14.4592031	1432.53944	-0.382837527	9.92191425	0.210867757	supercritical
349.171005	1.72000000	1.18354249	0.844921084	3220.95724	4674.22150	43.9573612	10.3150085	14.4600454	1433.81853	-0.383645032	9.93453520	0.211150546	supercritical
349.814410	1.72000000	1.18137991	0.846467756	3227.60090	4683.52544	43.9839825	10.3159590	14.4608773	1435.09661	-0.384449150	9.94714942	0.211433082	supercritical
350.457815	1.72000000	1.17922525	0.848014407	3234.24512	4692.82990	44.0105563	10.3168986	14.4616990	1436.37370	-0.385249902	9.95975692	0.211715366	supercritical
351.101220	1.72000000	1.17707846	0.849561036	3240.88991	4702.13489	44.0370829	10.3178273	14.4625105	1437.64978	-0.386047307	9.97235772	0.211997399	supercritical
351.744625	1.72000000	1.17493951	0.851107644	3247.53526	4711.44040	44.0635625	10.3187453	14.4633119	1438.92486	-0.386841384	9.98495184	0.212279182	supercritical
352.388030	1.72000000	1.17280835	0.852654230	3254.18115	4720.74643	44.0899951	10.3196526	14.4641034	1440.19894	-0.387632154	9.99753929	0.212560716	supercritical
353.031435	1.72000000	1.17068493	0.854200794	3260.82759	4730.05295	44.1163809	10.3205493	14.4648850	1441.47203	-0.388419635	10.0101201	0.212842003	supercritical
353.674840	1.72000000	1.16856922	0.855747338	3267.47456	4739.35998	44.1427200	10.3214356	14.4656569	1442.74412	-0.389203847	10.0226943	0.213123044	supercritical
354.318245	1.72000000	1.16646117	0.857293860	3274.12207	4748.66750	44.1690127	10.3223115	14.4664192	1444.01521	-0.389984807	10.0352618	0.213403840	supercritical
354.961650	1.72000000	1.16436074	0.858840361	3280.77009	4757.97551	44.1952591	10.3231773	14.4671720	1445.28532	-0.390762535	10.0478228	0.213684392	supercritical
355.605055	1.72000000	1.16226789	0.860386841	3287.41864	4767.28400	44.2214593	10.3240329	14.4679153	1446.55443	-0.391537050	10.0603772	0.213964701	supercritical
356.248460	1.72000000	1.16018258	0.861933300	3294.06769	4776.59297	44.2476135	10.3248785	14.4686493	1447.82256	-0.392308369	10.0729250	0.214244770	supercritical
356.891865	1.72000000	1.15810476	0.863479739	3300.71725	4785.90240	44.2737218	10.3257142	14.4693741	1449.08970	-0.393076512	10.0854662	0.214524597	supercritical
357.535270	1.72000000	1.15603441	0.865026158	3307.36731	4795.21230	44.2997843	10.3265401	14.4700897	1450.35585	-0.393841495	10.0980010	0.214804186	supercritical
358.178675	1.72000000	1.15397146	0.866572555	3314.01786	4804.52266	44.3258013	10.3273564	14.4707963	1451.62102	-0.394603337	10.1105292	0.215083537	supercritical
358.822080	1.72000000	1.15191590	0.868118933	3320.66890	4813.83347	44.3517729	10.3281630	14.4714940	1452.88520	-0.395362055	10.1230509	0.215362651	supercritical
359.465485	1.72000000	1.14986767	0.869665291	3327.32042	4823.14472	44.3776991	10.3289602	14.4721829	1454.14841	-0.396117668	10.1355662	0.215641530	supercritical
360.108890	1.72000000	1.14782674	0.871211628	3333.97241	4832.45641	44.4035802	10.3297479	14.4728630	1455.41064	-0.396870193	10.1480750	0.215920174	supercritical
360.752295	1.72000000	1.14579306	0.872757946	3340.62488	4841.76854	44.4294164	10.3305264	14.4735345	1456.67188	-0.397619646	10.1605773	0.216198585	supercritical
361.395700	1.72000000	1.14376661	0.874304244	3347.27780	4851.08110	44.4552077	10.3312957	14.4741975	1457.93215	-0.398366045	10.1730732	0.216476764	supercritical
362.039105	1.72000000	1.14174734	0.875850522	3353.93119	4860.39408	44.4809542	10.3320559	14.4748520	1459.19145	-0.399109408	10.1855628	0.216754712	supercritical
362.682510	1.72000000	1.13973521	0.877396780	3360.58502	4869.70748	44.5066562	10.3328071	14.4754981	1460.44977	-0.399849750	10.1980459	0.217032430	supercritical
363.325915	1.72000000	1.13773018	0.878943020	3367.23930	4879.02130	44.5323138	10.3335495	14.4761360	1461.70713	-0.400587089	10.2105226	0.217309919	supercritical
363.969320	1.72000000	1.13573222	0.880489240	3373.89403	4888.33552	44.5579272	10.3342830	14.4767658	1462.96351	-0.401321442	10.2229929	0.217587181	supercritical
364.612725	1.72000000	1.13374129	0.882035440	3380.54918	4897.65014	44.5834964	10.3350079	14.4773874	1464.21892	-0.402052824	10.2354570	0.217864216	supercritical
365.256130	1.72000000	1.13175736	0.883581622	3387.20477	4906.96516	44.6090216	10.3357242	14.4780011	1465.47336	-0.402781252	10.2479146	0.218141025	supercritical
365.899535	1.72000000	1.12978037	0.885127784	3393.86079	4916.28058	44.6345029	10.3364319	14.4786069	1466.72684	-0.403506742	10.2603660	0.218417611	supercritical
366.542940	1.72000000	1.12781031	0.886673928	3400.51722	4925.59638	44.6599405	10.3371313	14.4792048	1467.97936	-0.404229311	10.2728111	0.218693973	supercritical
367.186345	1.72000000	1.12584713	0.888220053	3407.17407	4934.91256	44.6853346	10.3378223	14.4797951	1469.23091	-0.404948973	10.2852499	0.218970113	supercritical
367.829750	1.72000000	1.12389080	0.889766160	3413.83133	4944.22912	44.7106852	10.3385051	14.4803777	1470.48150	-0.405665746	10.2976824	0.219246032	supercritical
368.473155	1.72000000	1.12194128	0.891312248	3420.48899	4953.54605	44.7359926	10.3391798	14.4809528	1471.73113	-0.406379644	10.3101086	0.219521732	supercritical
369.116560	1.72000000	1.11999853	0.892858317	3427.14705	4962.86335	44.7612568	10.3398464	14.4815205	1472.97980	-0.407090683	10.3225287	0.219797212	supercritical
369.759965	1.72000000	1.11806252	0.894404368	3433.80550	4972.18102	44.7864779	10.3405051	14.4820807	1474.22752	-0.407798878	10.3349425	0.220072475	supercritical
370.403370	1.72000000	1.11613321	0.895950401	3440.46435	4981.49904	44.8116562	10.3411559	14.4826337	1475.47428	-0.408504245	10.3473500	0.220347521	supercritical
371.046775	1.72000000	1.11421058	0.897496416	3447.12358	4990.81741	44.8367918	10.3417990	14.4831795	1476.72009	-0.409206799	10.3597514	0.220622351	supercritical
371.690180	1.72000000	1.11229458	0.899042413	3453.78319	5000.13614	44.8618847	10.3424344	14.4837182	1477.96494	-0.409906555	10.3721467	0.220896967	supercritical
372.333585	1.72000000	1.11038518	0.900588392	3460.44317	5009.45521	44.8869352	10.3430622	14.4842498	1479.20884	-0.410603528	10.3845357	0.221171369	supercritical
372.976990	1.72000000	1.10848234	0.902134353	3467.10353	5018.77461	44.9119433	10.3436824	14.4847746	1480.45180	-0.411297732	10.3969187	0.221445559	supercritical
373.620395	1.72000000	1.10658604	0.903680296	3473.76425	5028.09436	44.9369092	10.3442953	14.4852924	1481.69380	-0.411989183	10.4092955	0.221719538	supercritical
374.263800	1.72000000	1.10469624	0.905226222	3480.42533	5037.41443	44.9618331	10.3449008	14.4858035	1482.93486	-0.412677894	10.4216661	0.221993306	supercritical
374.907205	1.72000000	1.10281290	0.906772130	3487.08677	5046.73483	44.9867150	10.3454991	14.4863078	1484.17498	-0.413363880	10.4340307	0.222266865	supercritical
375.550610	1.72000000	1.10093599	0.908318022	3493.74856	5056.05556	45.0115551	10.3460902	14.4868056	1485.41415	-0.414047156	10.4463892	0.222540216	supercritical
376.194015	1.72000000	1.09906548	0.909863895	3500.41070	5065.37660	45.0363535	10.3466742	14.4872967	1486.65237	-0.414727736	10.4587416	0.222813359	supercritical
376.837420	1.72000000	1.09720134	0.911409752	3507.07318	5074.69795	45.0611104	10.3472512	14.4877815	1487.88966	-0.415405633	10.4710880	0.223086296	supercritical
377.480825	1.72000000	1.09534353	0.912955591	3513.73600	5084.01962	45.0858259	10.3478213	14.4882598	1489.12601	-0.416080862	10.4834283	0.223359028	supercritical
378.124230	1.72000000	1.09349202	0.914501414	3520.39916	5093.34159	45.1105001	10.3483845	14.4887319	1490.36142	-0.416753437	10.4957626	0.223631556	supercritical
378.767635	1.72000000	1.09164678	0.916047220	3527.06264	5102.66386	45.1351331	10.3489410	14.4891977	1491.59589	-0.417423371	10.5080909	0.223903880	supercritical
379.411040	1.72000000	1.08980778	0.917593008	3533.72646	5111.98643	45.1597252	10.3494909	14.4896573	1492.82943	-0.418090678	10.5204132	0.224176003	supercritical
380.054445	1.72000000	1.08797498	0.919138781	3540.39059	5121.30930	45.1842763	10.3500341	14.4901109	1494.06203	-0.418755372	10.5327295	0.224447924	supercritical
380.697850	1.72000000	1.08614836	0.920684536	3547.05505	5130.63245	45.2087866	10.3505708	14.4905585	1495.29370	-0.419417466	10.5450398	0.224719645	supercritical
381.341255	1.72000000	1.08432788	0.922230275	3553.71982	5139.95589	45.2332564	10.3511011	14.4910001	1496.52444	-0.420076973	10.5573442	0.224991167	supercritical
381.984660	1.72000000	1.08251351	0.923775998	3560.38490	5149.27961	45.2576856	10.3516250	14.4914359	1497.75425	-0.420733906	10.5696426	0.225262491	supercritical
382.628065	1.72000000	1.08070522	0.925321704	3567.05028	5158.60361	45.2820744	10.3521426	14.4918659	1498.98313	-0.421388280	10.5819352	0.225533618	supercritical
383.271470	1.72000000	1.07890299	0.926867394	3573.71597	5167.92789	45.3064230	10.3526540	14.4922902	1500.21109	-0.422040106	10.5942218	0.225804548	supercritical
383.914875	1.72000000	1.07710677	0.928413068	3580.38196	5177.25244	45.3307314	10.3531593	14.4927089	1501.43812	-0.422689398	10.6065025	0.226075283	supercritical
384.558280	1.72000000	1.07531654	0.929958726	3587.04824	5186.57725	45.3549998	10.3536585	14.4931220	1502.66423	-0.423336168	10.6187773	0.226345824	supercritical
385.201685	1.72000000	1.07353227	0.931504369	3593.71482	5195.90233	45.3792284	10.3541517	14.4935296	1503.88941	-0.423980430	10.6310463	0.226616171	supercritical
385.845090	1.72000000	1.07175393	0.933049995	3600.38168	5205.22767	45.4034171	10.3546390	14.4939318	1505.11367	-0.424622195	10.6433094	0.226886327	supercritical
386.488495	1.72000000	1.06998149	0.934595605	3607.04882	5214.55327	45.4275663	10.3551205	14.4943286	1506.33702	-0.425261477	10.6555666	0.227156291	supercritical
387.131900	1.72000000	1.06821492	0.936141200	3613.71625	5223.87912	45.4516759	10.3555962	14.4947201	1507.55944	-0.425898287	10.6678181	0.227426064	supercritical
387.775305	1.72000000	1.06645420	0.937686779	3620.38395	5233.20521	45.4757462	10.3560662	14.4951064	1508.78095	-0.426532639	10.6800637	0.227695648	supercritical
388.418710	1.72000000	1.06469928	0.939232343	3627.05193	5242.53156	45.4997771	10.3565306	14.4954876	1510.00154	-0.427164545	10.6923035	0.227965043	supercritical
389.062115	1.72000000	1.06295015	0.940777891	3633.72018	5251.85815	45.5237690	10.3569895	14.4958637	1511.22122	-0.427794016	10.7045376	0.228234251	supercritical
389.705520	1.72000000	1.06120677	0.942323424	3640.38869	5261.18498	45.5477218	10.3574428	14.4962347	1512.43998	-0.428421064	10.7167658	0.228503272	supercritical
390.348925	1.72000000	1.05946912	0.943868942	3647.05747	5270.51205	45.5716357	10.3578908	14.4966009	1513.65784	-0.429045703	10.7289883	0.228772108	supercritical
390.992330	1.72000000	1.05773717	0.945414444	3653.72651	5279.83935	45.5955108	10.3583334	14.4969621	1514.87478	-0.429667943	10.7412051	0.229040758	supercritical
391.635735	1.72000000	1.05601089	0.946959932	3660.39580	5289.16689	45.6193472	10.3587707	14.4973185	1516.09081	-0.430287796	10.7534161	0.229309225	supercritical
392.279140	1.72000000	1.05429025	0.948505404	3667.06535	5298.49465	45.6431451	10.3592028	14.4976701	1517.30594	-0.430905274	10.7656214	0.229577509	supercritical
392.922545	1.72000000	1.05257523	0.950050862	3673.73515	5307.82263	45.6669046	10.3596298	14.4980171	1518.52016	-0.431520390	10.7778210	0.229845611	supercritical
393.565950	1.72000000	1.05086579	0.951596304	3680.40520	5317.15084	45.6906257	10.3600517	14.4983594	1519.73348	-0.432133153	10.7900150	0.230113531	supercritical
394.209355	1.72000000	1.04916191	0.953141733	3687.07548	5326.47926	45.7143087	10.3604686	14.4986972	1520.94589	-0.432743576	10.8022032	0.230381272	supercritical
394.852760	1.72000000	1.04746356	0.954687146	3693.74602	5335.80791	45.7379536	10.3608805	14.4990305	1522.15740	-0.433351671	10.8143858	0.230648833	supercritical
395.496165	1.72000000	1.04577072	0.956232545	3700.41678	5345.13676	45.7615605	10.3612876	14.4993593	1523.36801	-0.433957448	10.8265627	0.230916216	supercritical
396.139570	1.72000000	1.04408336	0.957777929	3707.08779	5354.46583	45.7851296	10.3616898	14.4996838	1524.57772	-0.434560918	10.8387340	0.231183421	supercritical
396.782975	1.72000000	1.04240145	0.959323299	3713.75902	5363.79510	45.8086610	10.3620873	14.5000039	1525.78653	-0.435162094	10.8508996	0.231450450	supercritical
397.426380	1.72000000	1.04072497	0.960868654	3720.43049	5373.12458	45.8321547	10.3624801	14.5003197	1526.99445	-0.435760985	10.8630596	0.231717303	supercritical
398.069785	1.72000000	1.03905388	0.962413996	3727.10218	5382.45425	45.8556110	10.3628683	14.5006314	1528.20147	-0.436357603	10.8752141	0.231983981	supercritical
398.713190	1.72000000	1.03738817	0.963959323	3733.77410	5391.78413	45.8790299	10.3632519	14.5009389	1529.40760	-0.436951959	10.8873629	0.232250485	supercritical
399.356595	1.72000000	1.03572781	0.965504636	3740.44623	5401.11421	45.9024115	10.3636311	14.5012424	1530.61283	-0.437544064	10.8995062	0.232516816	supercritical
400.000000	1.72000000	1.03407276	0.967049935	3747.11859	5410.44447	45.9257559	10.3640057	14.5015418	1531.81717	-0.438133927	10.9116439	0.232782974	supercritical
